# name: debug
# type: sparse matrix
# nnz: 1224
# rows: 138
# columns: 138

1 1 700
2 1 1.73472348e-18
3 1 -0.00362613156
4 1 -700
5 1 -1.73472348e-18
6 1 0
1 2 1.73472348e-18
2 2 700
3 2 315
4 2 1.73472348e-18
5 2 -700
6 2 0
1 3 -0.00362613156
2 3 315
3 3 841.75
4 3 0.00362613156
5 3 -315
6 3 -700
1 4 -700
2 4 1.73472348e-18
3 4 0.00362613156
4 4 1400
5 4 3.46944695e-18
6 4 -0.00362613156
7 4 -700
8 4 -1.73472348e-18
9 4 0
1 5 -1.73472348e-18
2 5 -700
3 5 -315
4 5 3.46944695e-18
5 5 1400
6 5 315
7 5 1.73472348e-18
8 5 -700
9 5 0
1 6 0
2 6 0
3 6 -700
4 6 -0.00362613156
5 6 315
6 6 1541.75
7 6 0.00362613156
8 6 -315
9 6 -700
4 7 -700
5 7 1.73472348e-18
6 7 0.00362613156
7 7 1400
8 7 3.46944695e-18
9 7 -0.00362613156
10 7 -700
11 7 -1.73472348e-18
12 7 0
4 8 -1.73472348e-18
5 8 -700
6 8 -315
7 8 3.46944695e-18
8 8 1400
9 8 315
10 8 1.73472348e-18
11 8 -700
12 8 0
4 9 0
5 9 0
6 9 -700
7 9 -0.00362613156
8 9 315
9 9 1541.75
10 9 0.00362613156
11 9 -315
12 9 -700
7 10 -700
8 10 1.73472348e-18
9 10 0.00362613156
10 10 1400
11 10 3.46944695e-18
12 10 -0.00362613156
13 10 -700
14 10 -1.73472348e-18
15 10 0
7 11 -1.73472348e-18
8 11 -700
9 11 -315
10 11 3.46944695e-18
11 11 1400
12 11 315
13 11 1.73472348e-18
14 11 -700
15 11 0
7 12 0
8 12 0
9 12 -700
10 12 -0.00362613156
11 12 315
12 12 1541.75
13 12 0.00362613156
14 12 -315
15 12 -700
10 13 -700
11 13 1.73472348e-18
12 13 0.00362613156
13 13 1400
14 13 1.73472348e-18
15 13 -28.0162476
16 13 -700
17 13 0
18 13 0
10 14 -1.73472348e-18
11 14 -700
12 14 -315
13 14 1.73472348e-18
14 14 1400
15 14 438.483178
16 14 0
17 14 -700
18 14 0
10 15 0
11 15 0
12 15 -700
13 15 -28.0162476
14 15 438.483178
15 15 1675.78915
16 15 28.0162476
17 15 -438.483178
18 15 -700
13 16 -700
14 16 0
15 16 28.0162476
16 16 1400
17 16 0
18 16 -176.218162
19 16 -700
20 16 0
21 16 0
13 17 0
14 17 -700
15 17 -438.483178
16 17 0
17 17 1400
18 17 456.827443
19 17 0
20 17 -700
21 17 0
13 18 0
14 18 0
15 18 -700
16 18 -176.218162
17 18 456.827443
18 18 1742.49165
19 18 176.218162
20 18 -456.827443
21 18 -700
16 19 -700
17 19 0
18 19 176.218162
19 19 1400
20 19 0
21 19 10.5351082
22 19 -700
23 19 0
24 19 0
16 20 0
17 20 -700
18 20 -456.827443
19 20 0
20 20 1400
21 20 381.507964
22 20 0
23 20 -700
24 20 0
16 21 0
17 21 0
18 21 -700
19 21 10.5351082
20 21 381.507964
21 21 1608.08474
22 21 -10.5351082
23 21 -381.507964
24 21 -700
19 22 -700
20 22 0
21 22 -10.5351082
22 22 1400
23 22 0
24 22 -6.58837771
25 22 -700
26 22 0
27 22 0
19 23 0
20 23 -700
21 23 -381.507964
22 23 0
23 23 1400
24 23 343.826728
25 23 0
26 23 -700
27 23 0
19 24 0
20 24 0
21 24 -700
22 24 -6.58837771
23 24 343.826728
24 24 1568.94318
25 24 6.58837771
26 24 -343.826728
27 24 -700
22 25 -700
23 25 0
24 25 6.58837771
25 25 1400
26 25 -1.42108547e-14
27 25 -58.1015452
28 25 -700
29 25 1.42108547e-14
30 25 0
22 26 0
23 26 -700
24 26 -343.826728
25 26 -1.42108547e-14
26 26 1400
27 26 363.760382
28 26 -1.42108547e-14
29 26 -700
30 26 0
22 27 0
23 27 0
24 27 -700
25 27 -58.1015452
26 27 363.760382
27 27 1593.85344
28 27 58.1015452
29 27 -363.760382
30 27 -700
25 28 -700
26 28 -1.42108547e-14
27 28 58.1015452
28 28 1400
29 28 -1.42108547e-14
30 28 -163.361338
31 28 -700
32 28 0
33 28 0
25 29 1.42108547e-14
26 29 -700
27 29 -363.760382
28 29 -1.42108547e-14
29 29 1400
30 29 314.223826
31 29 0
32 29 -700
33 29 0
25 30 0
26 30 0
27 30 -700
28 30 -163.361338
29 30 314.223826
30 30 1579.17649
31 30 163.361338
32 30 -314.223826
33 30 -700
28 31 -700
29 31 0
30 31 163.361338
31 31 1400
32 31 1.42108547e-14
33 31 5.64347757
34 31 -700
35 31 -1.42108547e-14
36 31 0
28 32 0
29 32 -700
30 32 -314.223826
31 32 1.42108547e-14
32 32 1400
33 32 342.131972
34 32 1.42108547e-14
35 32 -700
36 32 0
28 33 0
29 33 0
30 33 -700
31 33 5.64347757
32 33 342.131972
33 33 1567.26591
34 33 -5.64347757
35 33 -342.131972
36 33 -700
31 34 -700
32 34 1.42108547e-14
33 34 -5.64347757
34 34 1400
35 34 2.84217094e-14
36 34 -25.5922739
37 34 -700
38 34 -1.42108547e-14
39 34 0
31 35 -1.42108547e-14
32 35 -700
33 35 -342.131972
34 35 2.84217094e-14
35 35 1400
36 35 364.896709
37 35 1.42108547e-14
38 35 -700
39 35 0
31 36 0
32 36 0
33 36 -700
34 36 -25.5922739
35 36 364.896709
36 36 1591.14939
37 36 25.5922739
38 36 -364.896709
39 36 -700
34 37 -700
35 37 1.42108547e-14
36 37 25.5922739
37 37 1400
38 37 2.84217094e-14
39 37 180.683058
40 37 -700
41 37 -1.42108547e-14
42 37 0
34 38 -1.42108547e-14
35 38 -700
36 38 -364.896709
37 38 2.84217094e-14
38 38 1400
39 38 449.759226
40 38 1.42108547e-14
41 38 -700
42 38 0
34 39 0
35 39 0
36 39 -700
37 39 180.683058
38 39 449.759226
39 39 1735.6139
40 39 -180.683058
41 39 -449.759226
42 39 -700
37 40 -700
38 40 1.42108547e-14
39 40 -180.683058
40 40 1400
41 40 1.59872116e-14
42 40 -55.9956099
43 40 -700
44 40 -1.77635684e-15
45 40 0
37 41 -1.42108547e-14
38 41 -700
39 41 -449.759226
40 41 1.59872116e-14
41 41 1400
42 41 315.465787
43 41 1.77635684e-15
44 41 -700
45 41 0
37 42 0
38 42 0
39 42 -700
40 42 -55.9956099
41 42 315.465787
42 42 1546.64882
43 42 55.9956099
44 42 -315.465787
45 42 -700
40 43 -700
41 43 1.77635684e-15
42 43 55.9956099
43 43 1400
44 43 1.77635684e-15
45 43 -20.3179693
46 43 -700
47 43 0
48 43 0
40 44 -1.77635684e-15
41 44 -700
42 44 -315.465787
43 44 1.77635684e-15
44 44 1400
45 44 326.28798
46 44 0
47 44 -700
48 44 0
40 45 0
41 45 0
42 45 -700
43 45 -20.3179693
44 45 326.28798
45 45 1552.68095
46 45 20.3179693
47 45 -326.28798
48 45 -700
43 46 -700
44 46 0
45 46 20.3179693
46 46 1400
47 46 0
48 46 43.159424
49 46 -700
50 46 0
51 46 0
43 47 0
44 47 -700
45 47 -326.28798
46 47 0
47 47 1400
48 47 172.70661
49 47 0
50 47 -700
51 47 0
43 48 0
44 48 0
45 48 -700
46 48 43.159424
47 48 172.70661
48 48 1445.27187
49 48 -43.159424
50 48 -172.70661
51 48 -700
46 49 -700
47 49 0
48 49 -43.159424
49 49 1400
50 49 1.42108547e-14
51 49 -46.9537273
52 49 -700
53 49 -1.42108547e-14
54 49 0
46 50 0
47 50 -700
48 50 -172.70661
49 50 1.42108547e-14
50 50 1400
51 50 407.157045
52 50 1.42108547e-14
53 50 -700
54 50 0
46 51 0
47 51 0
48 51 -700
49 51 -46.9537273
50 51 407.157045
51 51 1639.97359
52 51 46.9537273
53 51 -407.157045
54 51 -700
49 52 -700
50 52 1.42108547e-14
51 52 46.9537273
52 52 1400
53 52 1.42108547e-14
54 52 111.081367
55 52 -700
56 52 0
57 52 0
49 53 -1.42108547e-14
50 53 -700
51 53 -407.157045
52 53 1.42108547e-14
53 53 1400
54 53 281.76165
55 53 0
56 53 -700
57 53 0
49 54 0
50 54 0
51 54 -700
52 54 111.081367
53 54 281.76165
54 54 1531.041
55 54 -111.081367
56 54 -281.76165
57 54 -700
52 55 -700
53 55 0
54 55 -111.081367
55 55 1400
56 55 2.84217094e-14
57 55 -78.826398
58 55 -700
59 55 -2.84217094e-14
60 55 0
52 56 0
53 56 -700
54 56 -281.76165
55 56 2.84217094e-14
56 56 1400
57 56 225.117084
58 56 2.84217094e-14
59 56 -700
60 56 0
52 57 0
53 57 0
54 57 -700
55 57 -78.826398
56 57 225.117084
57 57 1481.27329
58 57 78.826398
59 57 -225.117084
60 57 -700
55 58 -700
56 58 2.84217094e-14
57 58 78.826398
58 58 1400
59 58 2.84217094e-14
60 58 73.386899
61 58 -700
62 58 0
63 58 0
55 59 -2.84217094e-14
56 59 -700
57 59 -225.117084
58 59 2.84217094e-14
59 59 1400
60 59 -56.9674254
61 59 0
62 59 -700
63 59 0
55 60 0
56 60 0
57 60 -700
58 60 73.386899
59 60 -56.9674254
60 60 1412.32989
61 60 -73.386899
62 60 56.9674254
63 60 -700
58 61 -700
59 61 0
60 61 -73.386899
61 61 1400
62 61 0
63 61 33.9218416
64 61 -700
65 61 0
66 61 0
58 62 0
59 62 -700
60 62 56.9674254
61 62 0
62 62 1400
63 62 171.984443
64 62 0
65 62 -700
66 62 0
58 63 0
59 63 0
60 63 -700
61 63 33.9218416
62 63 171.984443
63 63 1443.89906
64 63 -33.9218416
65 63 -171.984443
66 63 -700
61 64 -700
62 64 0
63 64 -33.9218416
64 64 1400
65 64 -2.84217094e-14
66 64 66.6498008
67 64 -700
68 64 2.84217094e-14
69 64 0
61 65 0
62 65 -700
63 65 -171.984443
64 65 -2.84217094e-14
65 65 1400
66 65 305.199986
67 65 -2.84217094e-14
68 65 -700
69 65 0
61 66 0
62 66 0
63 66 -700
64 66 66.6498008
65 66 305.199986
66 66 1539.41318
67 66 -66.6498008
68 66 -305.199986
69 66 -700
64 67 -700
65 67 -2.84217094e-14
66 67 -66.6498008
