1.000000000000000000e+00 -0.000000000000000000e+00 0.000000000000000000e+00 0.000000000000000000e+00 0.000000000000000000e+00 1.000000000000000000e+00 0.000000000000000000e+00 -0.000000000000000000e+00 0.000000000000000000e+00 0.000000000000000000e+00 1.000000000000000000e+00 0.000000000000000000e+00
9.999997939180070849e-01 6.419999558984529255e-04 0.000000000000000000e+00 0.000000000000000000e+00 -6.419999558984529255e-04 9.999997939180070849e-01 0.000000000000000000e+00 -0.000000000000000000e+00 0.000000000000000000e+00 0.000000000000000000e+00 1.000000000000000000e+00 0.000000000000000000e+00
9.999993038000807299e-01 1.179999726161352555e-03 0.000000000000000000e+00 0.000000000000000000e+00 -1.179999726161352555e-03 9.999993038000807299e-01 0.000000000000000000e+00 -0.000000000000000000e+00 0.000000000000000000e+00 0.000000000000000000e+00 1.000000000000000000e+00 0.000000000000000000e+00
9.999936560847075828e-01 3.561992467654723910e-03 0.000000000000000000e+00 -9.749999999999999552e-04 -3.561992467654723910e-03 9.999936560847075828e-01 0.000000000000000000e+00 -1.100199999999999963e-02 0.000000000000000000e+00 0.000000000000000000e+00 1.000000000000000000e+00 0.000000000000000000e+00
9.999722935599421048e-01 7.443931250959749495e-03 0.000000000000000000e+00 -1.119999999999999989e-02 -7.443931250959749495e-03 9.999722935599421048e-01 0.000000000000000000e+00 -6.410080000000000222e-01 0.000000000000000000e+00 0.000000000000000000e+00 1.000000000000000000e+00 0.000000000000000000e+00
9.951305455328468552e-01 9.856570066457499835e-02 0.000000000000000000e+00 -1.171600000000000072e-02 -9.856570066457499835e-02 9.951305455328468552e-01 0.000000000000000000e+00 -6.960159999999999680e-01 0.000000000000000000e+00 0.000000000000000000e+00 1.000000000000000000e+00 0.000000000000000000e+00
6.247398563477485345e-01 7.808329602998291818e-01 0.000000000000000000e+00 -1.543500000000000080e-02 -7.808329602998291818e-01 6.247398563477485345e-01 0.000000000000000000e+00 -7.002690000000000303e-01 0.000000000000000000e+00 0.000000000000000000e+00 1.000000000000000000e+00 0.000000000000000000e+00
5.922664619500583871e-02 9.982445614079205054e-01 0.000000000000000000e+00 4.212999999999999731e-03 -9.982445614079205054e-01 5.922664619500583871e-02 0.000000000000000000e+00 -6.939560000000000173e-01 0.000000000000000000e+00 0.000000000000000000e+00 1.000000000000000000e+00 0.000000000000000000e+00
-5.263250055169788055e-01 8.502834754172000631e-01 0.000000000000000000e+00 2.669300000000000145e-02 -8.502834754172000631e-01 -5.263250055169788055e-01 0.000000000000000000e+00 -6.992629999999999679e-01 0.000000000000000000e+00 0.000000000000000000e+00 1.000000000000000000e+00 0.000000000000000000e+00
-9.292370965789900072e-01 3.694839892897239797e-01 0.000000000000000000e+00 4.112199999999999883e-02 -3.694839892897239797e-01 -9.292370965789900072e-01 0.000000000000000000e+00 -7.161140000000000283e-01 0.000000000000000000e+00 0.000000000000000000e+00 1.000000000000000000e+00 0.000000000000000000e+00
-9.722628525934998711e-01 -2.338908836760217880e-01 0.000000000000000000e+00 4.321900000000000047e-02 2.338908836760217880e-01 -9.722628525934998711e-01 0.000000000000000000e+00 -7.289809999999999901e-01 0.000000000000000000e+00 0.000000000000000000e+00 1.000000000000000000e+00 0.000000000000000000e+00
-6.134641311170890843e-01 -7.897225840969440691e-01 0.000000000000000000e+00 4.053699999999999665e-02 7.897225840969440691e-01 -6.134641311170890843e-01 0.000000000000000000e+00 -7.332030000000000491e-01 0.000000000000000000e+00 0.000000000000000000e+00 1.000000000000000000e+00 0.000000000000000000e+00
-1.096545344338823932e-02 -9.999398776080394846e-01 0.000000000000000000e+00 4.154499999999999860e-02 9.999398776080394846e-01 -1.096545344338823932e-02 0.000000000000000000e+00 -7.331860000000000044e-01 0.000000000000000000e+00 0.000000000000000000e+00 1.000000000000000000e+00 0.000000000000000000e+00
6.040173634901564448e-01 -7.969711566941430902e-01 0.000000000000000000e+00 5.906999999999999751e-02 7.969711566941430902e-01 6.040173634901564448e-01 0.000000000000000000e+00 -7.387529999999999930e-01 0.000000000000000000e+00 0.000000000000000000e+00 1.000000000000000000e+00 0.000000000000000000e+00
9.510979980002727263e-01 -3.088892976454075678e-01 0.000000000000000000e+00 7.374999999999999611e-02 3.088892976454075678e-01 9.510979980002727263e-01 0.000000000000000000e+00 -7.596580000000000554e-01 0.000000000000000000e+00 0.000000000000000000e+00 1.000000000000000000e+00 0.000000000000000000e+00
9.778422767125912740e-01 2.093429766520389923e-01 0.000000000000000000e+00 7.435700000000000642e-02 -2.093429766520389923e-01 9.778422767125912740e-01 0.000000000000000000e+00 -7.685720000000000329e-01 0.000000000000000000e+00 0.000000000000000000e+00 1.000000000000000000e+00 0.000000000000000000e+00
9.737586460470684102e-01 2.275831699589849488e-01 0.000000000000000000e+00 1.415199999999999965e-02 -2.275831699589849488e-01 9.737586460470684102e-01 0.000000000000000000e+00 -1.062492999999999910e+00 0.000000000000000000e+00 0.000000000000000000e+00 1.000000000000000000e+00 0.000000000000000000e+00
9.661780735822302901e-01 2.578758036903238127e-01 0.000000000000000000e+00 -1.331150000000000111e-01 -2.578758036903238127e-01 9.661780735822302901e-01 0.000000000000000000e+00 -1.663647000000000098e+00 0.000000000000000000e+00 0.000000000000000000e+00 1.000000000000000000e+00 0.000000000000000000e+00
9.635036830882488523e-01 2.676950740588613376e-01 0.000000000000000000e+00 -2.964800000000000213e-01 -2.676950740588613376e-01 9.635036830882488523e-01 0.000000000000000000e+00 -2.287001000000000062e+00 0.000000000000000000e+00 0.000000000000000000e+00 1.000000000000000000e+00 0.000000000000000000e+00
9.493687089752738117e-01 3.141640565351515035e-01 0.000000000000000000e+00 -4.942540000000000266e-01 -3.141640565351515035e-01 9.493687089752738117e-01 0.000000000000000000e+00 -2.914298000000000055e+00 0.000000000000000000e+00 0.000000000000000000e+00 1.000000000000000000e+00 0.000000000000000000e+00
9.526585252784406377e-01 3.040423230642516628e-01 0.000000000000000000e+00 -6.939849999999999630e-01 -3.040423230642516628e-01 9.526585252784406377e-01 0.000000000000000000e+00 -3.527219999999999800e+00 0.000000000000000000e+00 0.000000000000000000e+00 1.000000000000000000e+00 0.000000000000000000e+00
9.817696753336599969e-01 1.900744711823234845e-01 0.000000000000000000e+00 -8.509149999999999769e-01 -1.900744711823234845e-01 9.817696753336599969e-01 0.000000000000000000e+00 -4.152895000000000003e+00 0.000000000000000000e+00 0.000000000000000000e+00 1.000000000000000000e+00 0.000000000000000000e+00
9.858280385977531424e-01 1.677589887740947583e-01 0.000000000000000000e+00 -9.923389999999999711e-01 -1.677589887740947583e-01 9.858280385977531424e-01 0.000000000000000000e+00 -4.779015000000000235e+00 0.000000000000000000e+00 0.000000000000000000e+00 1.000000000000000000e+00 0.000000000000000000e+00
9.985161140035618832e-01 5.445704798486365739e-02 0.000000000000000000e+00 -1.030005000000000059e+00 -5.445704798486365739e-02 9.985161140035618832e-01 0.000000000000000000e+00 -5.423977999999999966e+00 0.000000000000000000e+00 0.000000000000000000e+00 1.000000000000000000e+00 0.000000000000000000e+00
9.944481403456263413e-01 1.052278297938592649e-01 0.000000000000000000e+00 -1.090996999999999995e+00 -1.052278297938592649e-01 9.944481403456263413e-01 0.000000000000000000e+00 -6.064382000000000161e+00 0.000000000000000000e+00 0.000000000000000000e+00 1.000000000000000000e+00 0.000000000000000000e+00
9.953165074027759962e-01 9.666979927329766298e-02 0.000000000000000000e+00 -1.144401000000000002e+00 -9.666979927329766298e-02 9.953165074027759962e-01 0.000000000000000000e+00 -6.707927999999999891e+00 0.000000000000000000e+00 0.000000000000000000e+00 1.000000000000000000e+00 0.000000000000000000e+00
9.906092618732311728e-01 1.367234079847780004e-01 0.000000000000000000e+00 -1.224078999999999917e+00 -1.367234079847780004e-01 9.906092618732311728e-01 0.000000000000000000e+00 -7.315680000000000405e+00 0.000000000000000000e+00 0.000000000000000000e+00 1.000000000000000000e+00 0.000000000000000000e+00
9.926788884730621820e-01 1.207833779122188117e-01 0.000000000000000000e+00 -1.294249999999999901e+00 -1.207833779122188117e-01 9.926788884730621820e-01 0.000000000000000000e+00 -7.929761000000000060e+00 0.000000000000000000e+00 0.000000000000000000e+00 1.000000000000000000e+00 0.000000000000000000e+00
9.921677167183111656e-01 1.249128572324443853e-01 0.000000000000000000e+00 -1.372635000000000050e+00 -1.249128572324443853e-01 9.921677167183111656e-01 0.000000000000000000e+00 -8.510242999999999114e+00 0.000000000000000000e+00 0.000000000000000000e+00 1.000000000000000000e+00 0.000000000000000000e+00
9.955724777737871012e-01 9.399702920498119452e-02 0.000000000000000000e+00 -1.416447000000000012e+00 -9.399702920498119452e-02 9.955724777737871012e-01 0.000000000000000000e+00 -8.886549000000000476e+00 0.000000000000000000e+00 0.000000000000000000e+00 1.000000000000000000e+00 0.000000000000000000e+00
8.106575882553784806e-01 5.855205159547982596e-01 0.000000000000000000e+00 -1.418023000000000033e+00 -5.855205159547982596e-01 8.106575882553784806e-01 0.000000000000000000e+00 -8.893461999999999534e+00 0.000000000000000000e+00 0.000000000000000000e+00 1.000000000000000000e+00 0.000000000000000000e+00
6.268014134161959960e-01 7.791790475490590895e-01 0.000000000000000000e+00 -1.557779000000000025e+00 -7.791790475490590895e-01 6.268014134161959960e-01 0.000000000000000000e+00 -9.005696999999999619e+00 0.000000000000000000e+00 0.000000000000000000e+00 1.000000000000000000e+00 0.000000000000000000e+00
6.125560613076889149e-01 7.904271451280066030e-01 0.000000000000000000e+00 -2.067295999999999800e+00 -7.904271451280066030e-01 6.125560613076889149e-01 0.000000000000000000e+00 -9.398300000000000765e+00 0.000000000000000000e+00 0.000000000000000000e+00 1.000000000000000000e+00 0.000000000000000000e+00
6.536733978190641947e-01 7.567767761920812797e-01 0.000000000000000000e+00 -2.566879999999999828e+00 -7.567767761920812797e-01 6.536733978190641947e-01 0.000000000000000000e+00 -9.800909000000000759e+00 0.000000000000000000e+00 0.000000000000000000e+00 1.000000000000000000e+00 0.000000000000000000e+00
6.712532914124410555e-01 7.412280477477659613e-01 0.000000000000000000e+00 -3.045075999999999894e+00 -7.412280477477659613e-01 6.712532914124410555e-01 0.000000000000000000e+00 -1.023089399999999927e+01 0.000000000000000000e+00 0.000000000000000000e+00 1.000000000000000000e+00 0.000000000000000000e+00
6.982073244319615402e-01 7.158956153724937987e-01 0.000000000000000000e+00 -3.512973999999999819e+00 -7.158956153724937987e-01 6.982073244319615402e-01 0.000000000000000000e+00 -1.067084499999999991e+01 0.000000000000000000e+00 0.000000000000000000e+00 1.000000000000000000e+00 0.000000000000000000e+00
6.940621273558682525e-01 7.199151084469935791e-01 0.000000000000000000e+00 -3.980272999999999950e+00 -7.199151084469935791e-01 6.940621273558682525e-01 0.000000000000000000e+00 -1.111835100000000054e+01 0.000000000000000000e+00 0.000000000000000000e+00 1.000000000000000000e+00 0.000000000000000000e+00
7.016947049274273596e-01 7.124777477765958933e-01 0.000000000000000000e+00 -4.282108000000000025e+00 -7.124777477765958933e-01 7.016947049274273596e-01 0.000000000000000000e+00 -1.141388199999999919e+01 0.000000000000000000e+00 0.000000000000000000e+00 1.000000000000000000e+00 0.000000000000000000e+00
4.450340889085315776e-01 8.955136289914035208e-01 0.000000000000000000e+00 -4.285315999999999903e+00 -8.955136289914035208e-01 4.450340889085315776e-01 0.000000000000000000e+00 -1.141653499999999966e+01 0.000000000000000000e+00 0.000000000000000000e+00 1.000000000000000000e+00 0.000000000000000000e+00
2.900789432281595803e-01 9.570027203177816633e-01 0.000000000000000000e+00 -4.316266999999999854e+00 -9.570027203177816633e-01 2.900789432281595803e-01 0.000000000000000000e+00 -1.142544499999999985e+01 0.000000000000000000e+00 0.000000000000000000e+00 1.000000000000000000e+00 0.000000000000000000e+00
3.096969791529959326e-01 9.508353070345614277e-01 0.000000000000000000e+00 -4.916546999999999557e+00 -9.508353070345614277e-01 3.096969791529959326e-01 0.000000000000000000e+00 -1.161255099999999985e+01 0.000000000000000000e+00 0.000000000000000000e+00 1.000000000000000000e+00 0.000000000000000000e+00
2.825777555753271053e-01 9.592443964152257418e-01 0.000000000000000000e+00 -5.541273999999999589e+00 -9.592443964152257418e-01 2.825777555753271053e-01 0.000000000000000000e+00 -1.180852699999999977e+01 0.000000000000000000e+00 0.000000000000000000e+00 1.000000000000000000e+00 0.000000000000000000e+00
2.643378889452066005e-01 9.644301324969017930e-01 0.000000000000000000e+00 -6.133098000000000383e+00 -9.644301324969017930e-01 2.643378889452066005e-01 0.000000000000000000e+00 -1.197672599999999932e+01 0.000000000000000000e+00 0.000000000000000000e+00 1.000000000000000000e+00 0.000000000000000000e+00
2.293787110368283588e-01 9.733372524069359155e-01 0.000000000000000000e+00 -6.760247999999999813e+00 -9.733372524069359155e-01 2.293787110368283588e-01 0.000000000000000000e+00 -1.213249500000000047e+01 0.000000000000000000e+00 0.000000000000000000e+00 1.000000000000000000e+00 0.000000000000000000e+00
1.974865663661194704e-01 9.803055932233174508e-01 0.000000000000000000e+00 -7.389611000000000374e+00 -9.803055932233174508e-01 1.974865663661194704e-01 0.000000000000000000e+00 -1.227333900000000000e+01 0.000000000000000000e+00 0.000000000000000000e+00 1.000000000000000000e+00 0.000000000000000000e+00
1.428796672892556907e-01 9.897400672274067057e-01 0.000000000000000000e+00 -8.023417999999999495e+00 -9.897400672274067057e-01 1.428796672892556907e-01 0.000000000000000000e+00 -1.238115499999999969e+01 0.000000000000000000e+00 0.000000000000000000e+00 1.000000000000000000e+00 0.000000000000000000e+00
1.237760755348535358e-01 9.923101748572319414e-01 0.000000000000000000e+00 -8.661630999999999858e+00 -9.923101748572319414e-01 1.237760755348535358e-01 0.000000000000000000e+00 -1.246452400000000083e+01 0.000000000000000000e+00 0.000000000000000000e+00 1.000000000000000000e+00 0.000000000000000000e+00
8.246258099151881904e-02 9.965941615001651099e-01 0.000000000000000000e+00 -9.300725999999999161e+00 -9.965941615001651099e-01 8.246258099151881904e-02 0.000000000000000000e+00 -1.253677300000000017e+01 0.000000000000000000e+00 0.000000000000000000e+00 1.000000000000000000e+00 0.000000000000000000e+00
7.608373017326788834e-02 9.971014321536808556e-01 0.000000000000000000e+00 -9.946460999999999331e+00 -9.971014321536808556e-01 7.608373017326788834e-02 0.000000000000000000e+00 -1.258518699999999946e+01 0.000000000000000000e+00 0.000000000000000000e+00 1.000000000000000000e+00 0.000000000000000000e+00
2.550556061425903603e-02 9.996746802724135739e-01 0.000000000000000000e+00 -1.058850200000000008e+01 -9.996746802724135739e-01 2.550556061425903603e-02 0.000000000000000000e+00 -1.262950799999999951e+01 0.000000000000000000e+00 0.000000000000000000e+00 1.000000000000000000e+00 0.000000000000000000e+00
-1.878856760323584577e-02 9.998234792839276741e-01 0.000000000000000000e+00 -1.120249899999999954e+01 -9.998234792839276741e-01 -1.878856760323584577e-02 0.000000000000000000e+00 -1.262373499999999993e+01 0.000000000000000000e+00 0.000000000000000000e+00 1.000000000000000000e+00 0.000000000000000000e+00
-4.879828541866842312e-02 9.988086540174740957e-01 0.000000000000000000e+00 -1.181683400000000006e+01 -9.988086540174740957e-01 -4.879828541866842312e-02 0.000000000000000000e+00 -1.261347300000000082e+01 0.000000000000000000e+00 0.000000000000000000e+00 1.000000000000000000e+00 0.000000000000000000e+00
-1.259988815878709811e-01 9.920303835259309810e-01 0.000000000000000000e+00 -1.242713400000000057e+01 -9.920303835259309810e-01 -1.259988815878709811e-01 0.000000000000000000e+00 -1.255810999999999922e+01 0.000000000000000000e+00 0.000000000000000000e+00 1.000000000000000000e+00 0.000000000000000000e+00
-1.142178614990495278e-01 9.934557262981495995e-01 0.000000000000000000e+00 -1.301315499999999936e+01 -9.934557262981495995e-01 -1.142178614990495278e-01 0.000000000000000000e+00 -1.249732000000000021e+01 0.000000000000000000e+00 0.000000000000000000e+00 1.000000000000000000e+00 0.000000000000000000e+00
-1.759440270335245193e-01 9.844001723644842938e-01 0.000000000000000000e+00 -1.355768300000000082e+01 -9.844001723644842938e-01 -1.759440270335245193e-01 0.000000000000000000e+00 -1.241871100000000006e+01 0.000000000000000000e+00 0.000000000000000000e+00 1.000000000000000000e+00 0.000000000000000000e+00
-1.710346263787748955e-01 9.852650184490835406e-01 0.000000000000000000e+00 -1.354974699999999999e+01 -9.852650184490835406e-01 -1.710346263787748955e-01 0.000000000000000000e+00 -1.241972400000000043e+01 0.000000000000000000e+00 0.000000000000000000e+00 1.000000000000000000e+00 0.000000000000000000e+00
-1.608972431293083094e-01 9.869711632836029036e-01 0.000000000000000000e+00 -1.358035300000000056e+01 -9.869711632836029036e-01 -1.608972431293083094e-01 0.000000000000000000e+00 -1.241434500000000085e+01 0.000000000000000000e+00 0.000000000000000000e+00 1.000000000000000000e+00 0.000000000000000000e+00
-1.721852989939099132e-01 9.850645779898786758e-01 0.000000000000000000e+00 -1.423387699999999967e+01 -9.850645779898786758e-01 -1.721852989939099132e-01 0.000000000000000000e+00 -1.231091400000000036e+01 0.000000000000000000e+00 0.000000000000000000e+00 1.000000000000000000e+00 0.000000000000000000e+00
-1.262835891148335887e-01 9.919941809911365649e-01 0.000000000000000000e+00 -1.487653800000000004e+01 -9.919941809911365649e-01 -1.262835891148335887e-01 0.000000000000000000e+00 -1.220375600000000027e+01 0.000000000000000000e+00 0.000000000000000000e+00 1.000000000000000000e+00 0.000000000000000000e+00
-1.492054440092449308e-01 9.888062173540395072e-01 0.000000000000000000e+00 -1.551534799999999947e+01 -9.888062173540395072e-01 -1.492054440092449308e-01 0.000000000000000000e+00 -1.211508800000000008e+01 0.000000000000000000e+00 0.000000000000000000e+00 1.000000000000000000e+00 0.000000000000000000e+00
-1.273568526876283635e-01 9.918569614987343686e-01 0.000000000000000000e+00 -1.615080000000000027e+01 -9.918569614987343686e-01 -1.273568526876283635e-01 0.000000000000000000e+00 -1.202576000000000001e+01 0.000000000000000000e+00 0.000000000000000000e+00 1.000000000000000000e+00 0.000000000000000000e+00
-1.765395569015181798e-01 9.842935460770916301e-01 0.000000000000000000e+00 -1.678798000000000101e+01 -9.842935460770916301e-01 -1.765395569015181798e-01 0.000000000000000000e+00 -1.193074900000000049e+01 0.000000000000000000e+00 0.000000000000000000e+00 1.000000000000000000e+00 0.000000000000000000e+00
-1.380008561493254737e-01 9.904321095875543435e-01 0.000000000000000000e+00 -1.739073300000000089e+01 -9.904321095875543435e-01 -1.380008561493254737e-01 0.000000000000000000e+00 -1.183300599999999925e+01 0.000000000000000000e+00 0.000000000000000000e+00 1.000000000000000000e+00 0.000000000000000000e+00
-1.746848356481305597e-01 9.846243995527358406e-01 0.000000000000000000e+00 -1.799851699999999965e+01 -9.846243995527358406e-01 -1.746848356481305597e-01 0.000000000000000000e+00 -1.173360199999999942e+01 0.000000000000000000e+00 0.000000000000000000e+00 1.000000000000000000e+00 0.000000000000000000e+00
-1.145685442468627330e-01 9.934153454971161867e-01 0.000000000000000000e+00 -1.860758300000000176e+01 -9.934153454971161867e-01 -1.145685442468627330e-01 0.000000000000000000e+00 -1.164913199999999982e+01 0.000000000000000000e+00 0.000000000000000000e+00 1.000000000000000000e+00 0.000000000000000000e+00
-1.689119703942569273e-01 9.856311410753668678e-01 0.000000000000000000e+00 -1.921488199999999935e+01 -9.856311410753668678e-01 -1.689119703942569273e-01 0.000000000000000000e+00 -1.156336699999999951e+01 0.000000000000000000e+00 0.000000000000000000e+00 1.000000000000000000e+00 0.000000000000000000e+00
-1.808588905482643172e-01 9.835090552250400631e-01 0.000000000000000000e+00 -1.984862100000000140e+01 -9.835090552250400631e-01 -1.808588905482643172e-01 0.000000000000000000e+00 -1.146005800000000008e+01 0.000000000000000000e+00 0.000000000000000000e+00 1.000000000000000000e+00 0.000000000000000000e+00
-1.843246291470547193e-01 9.828654186051113406e-01 0.000000000000000000e+00 -2.048195199999999971e+01 -9.828654186051113406e-01 -1.843246291470547193e-01 0.000000000000000000e+00 -1.134314799999999934e+01 0.000000000000000000e+00 0.000000000000000000e+00 1.000000000000000000e+00 0.000000000000000000e+00
-2.021322975758365892e-01 9.793582257155516446e-01 0.000000000000000000e+00 -2.095525699999999958e+01 -9.793582257155516446e-01 -2.021322975758365892e-01 0.000000000000000000e+00 -1.125757100000000044e+01 0.000000000000000000e+00 0.000000000000000000e+00 1.000000000000000000e+00 0.000000000000000000e+00
-3.537306913739382552e-01 9.353473140925330220e-01 0.000000000000000000e+00 -2.096497899999999959e+01 -9.353473140925330220e-01 -3.537306913739382552e-01 0.000000000000000000e+00 -1.125518500000000088e+01 0.000000000000000000e+00 0.000000000000000000e+00 1.000000000000000000e+00 0.000000000000000000e+00
-8.636512904647640765e-01 5.040897226472165205e-01 0.000000000000000000e+00 -2.097206900000000118e+01 -5.040897226472165205e-01 -8.636512904647640765e-01 0.000000000000000000e+00 -1.125193699999999986e+01 0.000000000000000000e+00 0.000000000000000000e+00 1.000000000000000000e+00 0.000000000000000000e+00
-9.927357090120848548e-01 -1.203154688819075557e-01 0.000000000000000000e+00 -2.097140200000000121e+01 1.203154688819075557e-01 -9.927357090120848548e-01 0.000000000000000000e+00 -1.125822699999999976e+01 0.000000000000000000e+00 0.000000000000000000e+00 1.000000000000000000e+00 0.000000000000000000e+00
-9.912482261294262020e-01 -1.320111896593089973e-01 0.000000000000000000e+00 -2.097140200000000121e+01 1.320111896593089973e-01 -9.912482261294262020e-01 0.000000000000000000e+00 -1.125822699999999976e+01 0.000000000000000000e+00 0.000000000000000000e+00 1.000000000000000000e+00 0.000000000000000000e+00
-9.800841257386596617e-01 -1.985827446559421394e-01 0.000000000000000000e+00 -2.097067900000000051e+01 1.985827446559421394e-01 -9.800841257386596617e-01 0.000000000000000000e+00 -1.125470199999999998e+01 0.000000000000000000e+00 0.000000000000000000e+00 1.000000000000000000e+00 0.000000000000000000e+00
-6.765007754645121496e-01 -7.364419194993681028e-01 0.000000000000000000e+00 -2.096877100000000027e+01 7.364419194993681028e-01 -6.765007754645121496e-01 0.000000000000000000e+00 -1.125164299999999962e+01 0.000000000000000000e+00 0.000000000000000000e+00 1.000000000000000000e+00 0.000000000000000000e+00
-3.769208214877918239e-01 -9.262454827576587224e-01 0.000000000000000000e+00 -2.096829100000000068e+01 9.262454827576587224e-01 -3.769208214877918239e-01 0.000000000000000000e+00 -1.125029800000000080e+01 0.000000000000000000e+00 0.000000000000000000e+00 1.000000000000000000e+00 0.000000000000000000e+00
-8.790203899060899939e-01 -4.767841798228475980e-01 0.000000000000000000e+00 -2.095699799999999868e+01 4.767841798228475980e-01 -8.790203899060899939e-01 0.000000000000000000e+00 -1.123951500000000081e+01 0.000000000000000000e+00 0.000000000000000000e+00 1.000000000000000000e+00 0.000000000000000000e+00
-9.644451118234870224e-01 -2.642832311740220264e-01 0.000000000000000000e+00 -2.095233800000000102e+01 2.642832311740220264e-01 -9.644451118234870224e-01 0.000000000000000000e+00 -1.122757000000000005e+01 0.000000000000000000e+00 0.000000000000000000e+00 1.000000000000000000e+00 0.000000000000000000e+00
-9.978495730624681315e-01 6.554562944277914083e-02 0.000000000000000000e+00 -2.096939199999999914e+01 -6.554562944277914083e-02 -9.978495730624681315e-01 0.000000000000000000e+00 -1.092986100000000071e+01 0.000000000000000000e+00 0.000000000000000000e+00 1.000000000000000000e+00 0.000000000000000000e+00
-9.983203459856376805e-01 5.793519475342007174e-02 0.000000000000000000e+00 -2.101910000000000167e+01 -5.793519475342007174e-02 -9.983203459856376805e-01 0.000000000000000000e+00 -1.029565999999999981e+01 0.000000000000000000e+00 0.000000000000000000e+00 1.000000000000000000e+00 0.000000000000000000e+00
-9.998134392481535793e-01 -1.931545233171346951e-02 0.000000000000000000e+00 -2.102622099999999961e+01 1.931545233171346951e-02 -9.998134392481535793e-01 0.000000000000000000e+00 -9.648073000000000121e+00 0.000000000000000000e+00 0.000000000000000000e+00 1.000000000000000000e+00 0.000000000000000000e+00
-9.988537011572805602e-01 -4.786735510138480365e-02 0.000000000000000000e+00 -2.100580400000000125e+01 4.786735510138480365e-02 -9.988537011572805602e-01 0.000000000000000000e+00 -9.008651999999999660e+00 0.000000000000000000e+00 0.000000000000000000e+00 1.000000000000000000e+00 0.000000000000000000e+00
-9.951847381240116475e-01 -9.801702405726409051e-02 0.000000000000000000e+00 -2.095219600000000071e+01 9.801702405726409051e-02 -9.951847381240116475e-01 0.000000000000000000e+00 -8.367330000000000823e+00 0.000000000000000000e+00 0.000000000000000000e+00 1.000000000000000000e+00 0.000000000000000000e+00
-9.931393936252332910e-01 -1.169364991339485182e-01 0.000000000000000000e+00 -2.088869800000000154e+01 1.169364991339485182e-01 -9.931393936252332910e-01 0.000000000000000000e+00 -7.730227000000000182e+00 0.000000000000000000e+00 0.000000000000000000e+00 1.000000000000000000e+00 0.000000000000000000e+00
-9.822279714773297643e-01 -1.876918006933967487e-01 0.000000000000000000e+00 -2.078507199999999955e+01 1.876918006933967487e-01 -9.822279714773297643e-01 0.000000000000000000e+00 -7.095779000000000281e+00 0.000000000000000000e+00 0.000000000000000000e+00 1.000000000000000000e+00 0.000000000000000000e+00
-9.847483549990364571e-01 -1.739847042894625551e-01 0.000000000000000000e+00 -2.066032600000000130e+01 1.739847042894625551e-01 -9.847483549990364571e-01 0.000000000000000000e+00 -6.465179000000000009e+00 0.000000000000000000e+00 0.000000000000000000e+00 1.000000000000000000e+00 0.000000000000000000e+00
-9.676976794498308720e-01 -2.521134688734665841e-01 0.000000000000000000e+00 -2.051312499999999872e+01 2.521134688734665841e-01 -9.676976794498308720e-01 0.000000000000000000e+00 -5.750804999999999723e+00 0.000000000000000000e+00 0.000000000000000000e+00 1.000000000000000000e+00 0.000000000000000000e+00
-9.573887396143515582e-01 -2.888023567418440685e-01 0.000000000000000000e+00 -2.034101100000000173e+01 2.888023567418440685e-01 -9.573887396143515582e-01 0.000000000000000000e+00 -5.163554000000000421e+00 0.000000000000000000e+00 0.000000000000000000e+00 1.000000000000000000e+00 0.000000000000000000e+00
-9.498352422396652006e-01 -3.127507195827318731e-01 0.000000000000000000e+00 -2.023456499999999991e+01 3.127507195827318731e-01 -9.498352422396652006e-01 0.000000000000000000e+00 -4.815868000000000038e+00 0.000000000000000000e+00 0.000000000000000000e+00 1.000000000000000000e+00 0.000000000000000000e+00
-9.962189591784450515e-01 8.687799130628839905e-02 0.000000000000000000e+00 -2.023510699999999929e+01 -8.687799130628839905e-02 -9.962189591784450515e-01 0.000000000000000000e+00 -4.792323999999999806e+00 0.000000000000000000e+00 0.000000000000000000e+00 1.000000000000000000e+00 0.000000000000000000e+00
-9.981886683358213164e-01 6.016130322690643045e-02 0.000000000000000000e+00 -2.028862799999999922e+01 -6.016130322690643045e-02 -9.981886683358213164e-01 0.000000000000000000e+00 -4.149208999999999925e+00 0.000000000000000000e+00 0.000000000000000000e+00 1.000000000000000000e+00 0.000000000000000000e+00
-9.935880050621277437e-01 1.130613824285780639e-01 0.000000000000000000e+00 -2.033757699999999957e+01 -1.130613824285780639e-01 -9.935880050621277437e-01 0.000000000000000000e+00 -3.497177999999999898e+00 0.000000000000000000e+00 0.000000000000000000e+00 1.000000000000000000e+00 0.000000000000000000e+00
-9.999987868578923411e-01 1.557652959908002992e-03 0.000000000000000000e+00 -2.038767899999999855e+01 -1.557652959908002992e-03 -9.999987868578923411e-01 0.000000000000000000e+00 -2.861629000000000200e+00 0.000000000000000000e+00 0.000000000000000000e+00 1.000000000000000000e+00 0.000000000000000000e+00
-9.953896263075708850e-01 -9.591398145877541581e-02 0.000000000000000000e+00 -2.033985799999999955e+01 9.591398145877541581e-02 -9.953896263075708850e-01 0.000000000000000000e+00 -2.221010999999999846e+00 0.000000000000000000e+00 0.000000000000000000e+00 1.000000000000000000e+00 0.000000000000000000e+00
-9.907085811144278331e-01 -1.360018650836713194e-01 0.000000000000000000e+00 -2.025862499999999855e+01 1.360018650836713194e-01 -9.907085811144278331e-01 0.000000000000000000e+00 -1.585958999999999897e+00 0.000000000000000000e+00 0.000000000000000000e+00 1.000000000000000000e+00 0.000000000000000000e+00
-9.999986277497555642e-01 1.656652832012010931e-03 0.000000000000000000e+00 -2.022876700000000127e+01 -1.656652832012010931e-03 -9.999986277497555642e-01 0.000000000000000000e+00 -9.406630000000000269e-01 0.000000000000000000e+00 0.000000000000000000e+00 1.000000000000000000e+00 0.000000000000000000e+00
-9.997651789060751915e-01 2.166995724276842700e-02 0.000000000000000000e+00 -2.023254199999999869e+01 -2.166995724276842700e-02 -9.997651789060751915e-01 0.000000000000000000e+00 -3.022159999999999846e-01 0.000000000000000000e+00 0.000000000000000000e+00 1.000000000000000000e+00 0.000000000000000000e+00
-9.985457713000331914e-01 -5.391050564427806585e-02 0.000000000000000000e+00 -2.021952999999999889e+01 5.391050564427806585e-02 -9.985457713000331914e-01 0.000000000000000000e+00 3.140180000000000193e-01 0.000000000000000000e+00 0.000000000000000000e+00 1.000000000000000000e+00 0.000000000000000000e+00
-9.931326096378267909e-01 -1.169941010220594130e-01 0.000000000000000000e+00 -2.016471900000000161e+01 1.169941010220594130e-01 -9.931326096378267909e-01 0.000000000000000000e+00 9.225809999999999844e-01 0.000000000000000000e+00 0.000000000000000000e+00 1.000000000000000000e+00 0.000000000000000000e+00
-9.970995048768582780e-01 -7.610898353232672942e-02 0.000000000000000000e+00 -2.009352600000000066e+01 7.610898353232672942e-02 -9.970995048768582780e-01 0.000000000000000000e+00 1.648795000000000011e+00 0.000000000000000000e+00 0.000000000000000000e+00 1.000000000000000000e+00 0.000000000000000000e+00
-9.909932055591393896e-01 -1.339121597750602410e-01 0.000000000000000000e+00 -2.002328100000000077e+01 1.339121597750602410e-01 -9.909932055591393896e-01 0.000000000000000000e+00 2.230833000000000066e+00 0.000000000000000000e+00 0.000000000000000000e+00 1.000000000000000000e+00 0.000000000000000000e+00
-9.992531564696027768e-01 -3.864103111377314992e-02 0.000000000000000000e+00 -2.000510299999999830e+01 3.864103111377314992e-02 -9.992531564696027768e-01 0.000000000000000000e+00 2.871354000000000184e+00 0.000000000000000000e+00 0.000000000000000000e+00 1.000000000000000000e+00 0.000000000000000000e+00
-9.911699018113085957e-01 -1.325979854423171567e-01 0.000000000000000000e+00 -1.995569700000000068e+01 1.325979854423171567e-01 -9.911699018113085957e-01 0.000000000000000000e+00 3.516483000000000025e+00 0.000000000000000000e+00 0.000000000000000000e+00 1.000000000000000000e+00 0.000000000000000000e+00
-9.996654250391244778e-01 -2.586576852418377009e-02 0.000000000000000000e+00 -1.987814900000000051e+01 2.586576852418377009e-02 -9.996654250391244778e-01 0.000000000000000000e+00 4.152223000000000219e+00 0.000000000000000000e+00 0.000000000000000000e+00 1.000000000000000000e+00 0.000000000000000000e+00
-9.987081972187892287e-01 -5.081276225512661865e-02 0.000000000000000000e+00 -1.984715500000000077e+01 5.081276225512661865e-02 -9.987081972187892287e-01 0.000000000000000000e+00 4.795837999999999823e+00 0.000000000000000000e+00 0.000000000000000000e+00 1.000000000000000000e+00 0.000000000000000000e+00
-9.999894537850392284e-01 4.592637444744543385e-03 0.000000000000000000e+00 -1.983403300000000158e+01 -4.592637444744543385e-03 -9.999894537850392284e-01 0.000000000000000000e+00 5.440965000000000273e+00 0.000000000000000000e+00 0.000000000000000000e+00 1.000000000000000000e+00 0.000000000000000000e+00
-9.991162117180806268e-01 -4.203326637452165643e-02 0.000000000000000000e+00 -1.981925599999999932e+01 4.203326637452165643e-02 -9.991162117180806268e-01 0.000000000000000000e+00 6.074366000000000376e+00 0.000000000000000000e+00 0.000000000000000000e+00 1.000000000000000000e+00 0.000000000000000000e+00
-9.992466894833511581e-01 -3.880790585129829939e-02 0.000000000000000000e+00 -1.978491299999999953e+01 3.880790585129829939e-02 -9.992466894833511581e-01 0.000000000000000000e+00 6.721383999999999581e+00 0.000000000000000000e+00 0.000000000000000000e+00 1.000000000000000000e+00 0.000000000000000000e+00
-9.997958929303187858e-01 2.020327893354134999e-02 0.000000000000000000e+00 -1.978153000000000006e+01 -2.020327893354134999e-02 -9.997958929303187858e-01 0.000000000000000000e+00 7.140409000000000006e+00 0.000000000000000000e+00 0.000000000000000000e+00 1.000000000000000000e+00 0.000000000000000000e+00
-9.076570587802942347e-01 -4.197125964827664868e-01 0.000000000000000000e+00 -1.977955000000000041e+01 4.197125964827664868e-01 -9.076570587802942347e-01 0.000000000000000000e+00 7.153321000000000041e+00 0.000000000000000000e+00 0.000000000000000000e+00 1.000000000000000000e+00 0.000000000000000000e+00
-5.146048011584666293e-01 -8.574274888436076436e-01 0.000000000000000000e+00 -1.976992900000000120e+01 8.574274888436076436e-01 -5.146048011584666293e-01 0.000000000000000000e+00 7.164494000000000362e+00 0.000000000000000000e+00 0.000000000000000000e+00 1.000000000000000000e+00 0.000000000000000000e+00
-2.955336951979133098e-02 -9.995632037795442182e-01 0.000000000000000000e+00 -1.966263500000000164e+01 9.995632037795442182e-01 -2.955336951979133098e-02 0.000000000000000000e+00 7.174122999999999806e+00 0.000000000000000000e+00 0.000000000000000000e+00 1.000000000000000000e+00 0.000000000000000000e+00
-8.155100819750134289e-02 -9.966691693144577036e-01 0.000000000000000000e+00 -1.900051399999999902e+01 9.966691693144577036e-01 -8.155100819750134289e-02 0.000000000000000000e+00 7.201482000000000383e+00 0.000000000000000000e+00 0.000000000000000000e+00 1.000000000000000000e+00 0.000000000000000000e+00
-1.261625648852502390e-01 -9.920095802065497237e-01 0.000000000000000000e+00 -1.835605899999999835e+01 9.920095802065497237e-01 -1.261625648852502390e-01 0.000000000000000000e+00 7.269987999999999673e+00 0.000000000000000000e+00 0.000000000000000000e+00 1.000000000000000000e+00 0.000000000000000000e+00
-1.605843651915858095e-01 -9.870221181189484660e-01 0.000000000000000000e+00 -1.772212400000000088e+01 9.870221181189484660e-01 -1.605843651915858095e-01 0.000000000000000000e+00 7.351668000000000092e+00 0.000000000000000000e+00 0.000000000000000000e+00 1.000000000000000000e+00 0.000000000000000000e+00
-2.154080529179947523e-01 -9.765241270639852811e-01 0.000000000000000000e+00 -1.709063499999999891e+01 9.765241270639852811e-01 -2.154080529179947523e-01 0.000000000000000000e+00 7.477063000000000237e+00 0.000000000000000000e+00 0.000000000000000000e+00 1.000000000000000000e+00 0.000000000000000000e+00
-2.537243542811880581e-01 -9.672765644036839250e-01 0.000000000000000000e+00 -1.634826899999999839e+01 9.672765644036839250e-01 -2.537243542811880581e-01 0.000000000000000000e+00 7.655599999999999739e+00 0.000000000000000000e+00 0.000000000000000000e+00 1.000000000000000000e+00 0.000000000000000000e+00
-3.396894301155360396e-01 -9.405376606323546662e-01 0.000000000000000000e+00 -1.574035600000000024e+01 9.405376606323546662e-01 -3.396894301155360396e-01 0.000000000000000000e+00 7.838440000000000296e+00 0.000000000000000000e+00 0.000000000000000000e+00 1.000000000000000000e+00 0.000000000000000000e+00
-3.342666980233606304e-03 -9.999944132731238833e-01 0.000000000000000000e+00 -1.571049999999999969e+01 9.999944132731238833e-01 -3.342666980233606304e-03 0.000000000000000000e+00 7.847179999999999822e+00 0.000000000000000000e+00 0.000000000000000000e+00 1.000000000000000000e+00 0.000000000000000000e+00
5.531108554822183193e-02 -9.984691701877816961e-01 0.000000000000000000e+00 -1.521195200000000014e+01 9.984691701877816961e-01 5.531108554822183193e-02 0.000000000000000000e+00 7.822728999999999822e+00 0.000000000000000000e+00 0.000000000000000000e+00 1.000000000000000000e+00 0.000000000000000000e+00
-2.880368887535364464e-02 -9.995850876774682314e-01 0.000000000000000000e+00 -1.457323399999999936e+01 9.995850876774682314e-01 -2.880368887535364464e-02 0.000000000000000000e+00 7.806541000000000174e+00 0.000000000000000000e+00 0.000000000000000000e+00 1.000000000000000000e+00 0.000000000000000000e+00
-9.016505438990750354e-02 -9.959268361515644097e-01 0.000000000000000000e+00 -1.396525699999999937e+01 9.959268361515644097e-01 -9.016505438990750354e-02 0.000000000000000000e+00 7.846754999999999924e+00 0.000000000000000000e+00 0.000000000000000000e+00 1.000000000000000000e+00 0.000000000000000000e+00
-1.397368707093100682e-01 -9.901886724076223167e-01 0.000000000000000000e+00 -1.335735200000000056e+01 9.901886724076223167e-01 -1.397368707093100682e-01 0.000000000000000000e+00 7.908309000000000033e+00 0.000000000000000000e+00 0.000000000000000000e+00 1.000000000000000000e+00 0.000000000000000000e+00
-1.211275058192182730e-01 -9.926369564619359487e-01 0.000000000000000000e+00 -1.314547199999999982e+01 9.926369564619359487e-01 -1.211275058192182730e-01 0.000000000000000000e+00 7.944931000000000409e+00 0.000000000000000000e+00 0.000000000000000000e+00 1.000000000000000000e+00 0.000000000000000000e+00
3.097597336086945208e-01 -9.508148649630329130e-01 0.000000000000000000e+00 -1.290970199999999934e+01 9.508148649630329130e-01 3.097597336086945208e-01 0.000000000000000000e+00 7.867047000000000345e+00 0.000000000000000000e+00 0.000000000000000000e+00 1.000000000000000000e+00 0.000000000000000000e+00
3.260907579693684277e-01 -9.453384671994273791e-01 0.000000000000000000e+00 -1.231871899999999975e+01 9.453384671994273791e-01 3.260907579693684277e-01 0.000000000000000000e+00 7.662550999999999668e+00 0.000000000000000000e+00 0.000000000000000000e+00 1.000000000000000000e+00 0.000000000000000000e+00
1.347789036429175580e-01 -9.908756971148364734e-01 0.000000000000000000e+00 -1.169494199999999928e+01 9.908756971148364734e-01 1.347789036429175580e-01 0.000000000000000000e+00 7.536129999999999995e+00 0.000000000000000000e+00 0.000000000000000000e+00 1.000000000000000000e+00 0.000000000000000000e+00
1.378321375934723481e-01 -9.904556031677613781e-01 0.000000000000000000e+00 -1.106532299999999935e+01 9.904556031677613781e-01 1.378321375934723481e-01 0.000000000000000000e+00 7.446823000000000192e+00 0.000000000000000000e+00 0.000000000000000000e+00 1.000000000000000000e+00 0.000000000000000000e+00
1.039313053459610392e-01 -9.945844779449780626e-01 0.000000000000000000e+00 -1.042402200000000079e+01 9.945844779449780626e-01 1.039313053459610392e-01 0.000000000000000000e+00 7.378219999999999779e+00 0.000000000000000000e+00 0.000000000000000000e+00 1.000000000000000000e+00 0.000000000000000000e+00
1.392839968762615011e-01 -9.902524770048160008e-01 0.000000000000000000e+00 -9.790419999999999234e+00 9.902524770048160008e-01 1.392839968762615011e-01 0.000000000000000000e+00 7.297628999999999699e+00 0.000000000000000000e+00 0.000000000000000000e+00 1.000000000000000000e+00 0.000000000000000000e+00
9.072042251682117808e-02 -9.958764004324881514e-01 0.000000000000000000e+00 -9.152395999999999532e+00 9.958764004324881514e-01 9.072042251682117808e-02 0.000000000000000000e+00 7.233611999999999931e+00 0.000000000000000000e+00 0.000000000000000000e+00 1.000000000000000000e+00 0.000000000000000000e+00
