9.700128704415633685e-01 2.430535561922901877e-01 0.000000000000000000e+00 -6.800968600000000031e+00 -2.430535561922901877e-01 9.700128704415633685e-01 0.000000000000000000e+00 4.166493400000000236e+00 0.000000000000000000e+00 0.000000000000000000e+00 1.000000000000000000e+00 0.000000000000000000e+00
5.894578702408898030e-01 8.077991205807755204e-01 0.000000000000000000e+00 -7.103594300000000139e+00 -8.077991205807755204e-01 5.894578702408898030e-01 0.000000000000000000e+00 3.633055000000000145e+00 0.000000000000000000e+00 0.000000000000000000e+00 1.000000000000000000e+00 0.000000000000000000e+00
-4.424462502456771168e-02 9.990207270905020476e-01 0.000000000000000000e+00 -7.678566000000000003e+00 -9.990207270905020476e-01 -4.424462502456771168e-02 0.000000000000000000e+00 3.258846800000000155e+00 0.000000000000000000e+00 0.000000000000000000e+00 1.000000000000000000e+00 0.000000000000000000e+00
-4.683152788128078226e-01 8.835614294606131125e-01 0.000000000000000000e+00 -8.123129999999999740e+00 -8.835614294606131125e-01 -4.683152788128078226e-01 0.000000000000000000e+00 2.996222500000000011e+00 0.000000000000000000e+00 0.000000000000000000e+00 1.000000000000000000e+00 0.000000000000000000e+00
-8.784310823895317144e-01 4.778690547544963141e-01 0.000000000000000000e+00 -8.573123999999999967e+00 -4.778690547544963141e-01 -8.784310823895317144e-01 0.000000000000000000e+00 2.909097200000000161e+00 0.000000000000000000e+00 0.000000000000000000e+00 1.000000000000000000e+00 0.000000000000000000e+00
-9.835808183313683450e-01 1.804682072017000649e-01 0.000000000000000000e+00 -8.740016999999999925e+00 -1.804682072017000649e-01 -9.835808183313683450e-01 0.000000000000000000e+00 2.809430100000000152e+00 0.000000000000000000e+00 0.000000000000000000e+00 1.000000000000000000e+00 0.000000000000000000e+00
-7.131725532133303957e-01 -7.009885229753618496e-01 0.000000000000000000e+00 -9.128253000000000839e+00 7.009885229753618496e-01 -7.131725532133303957e-01 0.000000000000000000e+00 2.900910600000000006e+00 0.000000000000000000e+00 0.000000000000000000e+00 1.000000000000000000e+00 0.000000000000000000e+00
-5.032079544958328876e-01 -8.641653513837035394e-01 0.000000000000000000e+00 -8.699721999999999511e+00 8.641653513837035394e-01 -5.032079544958328876e-01 0.000000000000000000e+00 2.726685999999999943e+00 0.000000000000000000e+00 0.000000000000000000e+00 1.000000000000000000e+00 0.000000000000000000e+00
-2.438780862815132511e-01 -9.698058976061482150e-01 0.000000000000000000e+00 -8.297902000000000555e+00 9.698058976061482150e-01 -2.438780862815132511e-01 0.000000000000000000e+00 2.655593000000000092e+00 0.000000000000000000e+00 0.000000000000000000e+00 1.000000000000000000e+00 0.000000000000000000e+00
-3.173422749843479163e-01 -9.483110673759737042e-01 0.000000000000000000e+00 -7.896173499999999734e+00 9.483110673759737042e-01 -3.173422749843479163e-01 0.000000000000000000e+00 2.192553000000000196e+00 0.000000000000000000e+00 0.000000000000000000e+00 1.000000000000000000e+00 0.000000000000000000e+00
-9.186651162552662842e-03 -9.999578018298660442e-01 0.000000000000000000e+00 -7.768769999999999953e+00 9.999578018298660442e-01 -9.186651162552662842e-03 0.000000000000000000e+00 2.112720500000000001e+00 0.000000000000000000e+00 0.000000000000000000e+00 1.000000000000000000e+00 0.000000000000000000e+00
8.706116065729543885e-02 -9.962029684281233921e-01 0.000000000000000000e+00 -7.633843999999999852e+00 9.962029684281233921e-01 8.706116065729543885e-02 0.000000000000000000e+00 1.536917899999999948e+00 0.000000000000000000e+00 0.000000000000000000e+00 1.000000000000000000e+00 0.000000000000000000e+00
3.641848716720024748e-01 -9.313266769749737328e-01 0.000000000000000000e+00 -7.500411999999999857e+00 9.313266769749737328e-01 3.641848716720024748e-01 0.000000000000000000e+00 1.444827300000000037e+00 0.000000000000000000e+00 0.000000000000000000e+00 1.000000000000000000e+00 0.000000000000000000e+00
3.397975392989486809e-01 -9.404986083383534146e-01 0.000000000000000000e+00 -7.317644600000000388e+00 9.404986083383534146e-01 3.397975392989486809e-01 0.000000000000000000e+00 6.783528300000000177e-01 0.000000000000000000e+00 0.000000000000000000e+00 1.000000000000000000e+00 0.000000000000000000e+00
5.623690307097496399e-01 -8.268863726646948908e-01 0.000000000000000000e+00 -7.538666700000000276e+00 8.268863726646948908e-01 5.623690307097496399e-01 0.000000000000000000e+00 5.415739999999999998e-01 0.000000000000000000e+00 0.000000000000000000e+00 1.000000000000000000e+00 0.000000000000000000e+00
6.966995306010511646e-01 -7.173630629327627517e-01 0.000000000000000000e+00 -7.681461299999999603e+00 7.173630629327627517e-01 6.966995306010511646e-01 0.000000000000000000e+00 -6.039976999999999846e-02 0.000000000000000000e+00 0.000000000000000000e+00 1.000000000000000000e+00 0.000000000000000000e+00
7.690675511879082604e-01 -6.391675067694180257e-01 0.000000000000000000e+00 -8.161910999999999916e+00 6.391675067694180257e-01 7.690675511879082604e-01 0.000000000000000000e+00 -6.665303999999999673e-01 0.000000000000000000e+00 0.000000000000000000e+00 1.000000000000000000e+00 0.000000000000000000e+00
7.573306359663687370e-01 -6.530316285041448676e-01 0.000000000000000000e+00 -8.106709000000000387e+00 6.530316285041448676e-01 7.573306359663687370e-01 0.000000000000000000e+00 -1.342323799999999956e+00 0.000000000000000000e+00 0.000000000000000000e+00 1.000000000000000000e+00 0.000000000000000000e+00
8.178749212165560278e-01 -5.753960490349340207e-01 0.000000000000000000e+00 -8.295623000000000857e+00 5.753960490349340207e-01 8.178749212165560278e-01 0.000000000000000000e+00 -2.110856000000000066e+00 0.000000000000000000e+00 0.000000000000000000e+00 1.000000000000000000e+00 0.000000000000000000e+00
7.641419178422150793e-01 -6.450481605247947448e-01 0.000000000000000000e+00 -8.321733999999999298e+00 6.450481605247947448e-01 7.641419178422150793e-01 0.000000000000000000e+00 -2.535025399999999873e+00 0.000000000000000000e+00 0.000000000000000000e+00 1.000000000000000000e+00 0.000000000000000000e+00
5.849659051471829407e-01 -8.110578831472738948e-01 0.000000000000000000e+00 -8.971848500000000115e+00 8.110578831472738948e-01 5.849659051471829407e-01 0.000000000000000000e+00 -2.967214600000000146e+00 0.000000000000000000e+00 0.000000000000000000e+00 1.000000000000000000e+00 0.000000000000000000e+00
3.059451453372098451e-01 -9.520491416122349726e-01 0.000000000000000000e+00 -9.096384000000000469e+00 9.520491416122349726e-01 3.059451453372098451e-01 0.000000000000000000e+00 -3.463528399999999952e+00 0.000000000000000000e+00 0.000000000000000000e+00 1.000000000000000000e+00 0.000000000000000000e+00
-5.830489554630648857e-02 -9.982988225753520739e-01 0.000000000000000000e+00 -8.891057999999999240e+00 9.982988225753520739e-01 -5.830489554630648857e-02 0.000000000000000000e+00 -3.877057000000000198e+00 0.000000000000000000e+00 0.000000000000000000e+00 1.000000000000000000e+00 0.000000000000000000e+00
-5.214411164662063891e-01 -8.532872681919473346e-01 0.000000000000000000e+00 -8.662326999999999444e+00 8.532872681919473346e-01 -5.214411164662063891e-01 0.000000000000000000e+00 -4.139512500000000372e+00 0.000000000000000000e+00 0.000000000000000000e+00 1.000000000000000000e+00 0.000000000000000000e+00
-7.995819434534916503e-01 -6.005570045408988866e-01 0.000000000000000000e+00 -8.436035000000000394e+00 6.005570045408988866e-01 -7.995819434534916503e-01 0.000000000000000000e+00 -4.236284000000000383e+00 0.000000000000000000e+00 0.000000000000000000e+00 1.000000000000000000e+00 0.000000000000000000e+00
-9.612628905164770643e-01 -2.756331897938046338e-01 0.000000000000000000e+00 -8.310142499999999544e+00 2.756331897938046338e-01 -9.612628905164770643e-01 0.000000000000000000e+00 -4.273625400000000241e+00 0.000000000000000000e+00 0.000000000000000000e+00 1.000000000000000000e+00 0.000000000000000000e+00
-9.975972671757710186e-01 6.927981324623611048e-02 0.000000000000000000e+00 -8.358720999999999179e+00 -6.927981324623611048e-02 -9.975972671757710186e-01 0.000000000000000000e+00 -4.362459999999999560e+00 0.000000000000000000e+00 0.000000000000000000e+00 1.000000000000000000e+00 0.000000000000000000e+00
-9.327874838638117172e-01 3.604268440987980493e-01 0.000000000000000000e+00 -8.271608999999999767e+00 -3.604268440987980493e-01 -9.327874838638117172e-01 0.000000000000000000e+00 -4.466823999999999906e+00 0.000000000000000000e+00 0.000000000000000000e+00 1.000000000000000000e+00 0.000000000000000000e+00
-7.554150887410304716e-01 6.552465518431829228e-01 0.000000000000000000e+00 -8.321453999999999240e+00 -6.552465518431829228e-01 -7.554150887410304716e-01 0.000000000000000000e+00 -4.441283699999999612e+00 0.000000000000000000e+00 0.000000000000000000e+00 1.000000000000000000e+00 0.000000000000000000e+00
-4.857163314151165534e-01 8.741164941794890009e-01 0.000000000000000000e+00 -8.348042500000000032e+00 -8.741164941794890009e-01 -4.857163314151165534e-01 0.000000000000000000e+00 -4.313488000000000433e+00 0.000000000000000000e+00 0.000000000000000000e+00 1.000000000000000000e+00 0.000000000000000000e+00
2.938982123110135403e-01 -9.558367228770772162e-01 0.000000000000000000e+00 -8.345667000000000613e+00 9.558367228770772162e-01 2.938982123110135403e-01 0.000000000000000000e+00 -4.379412699999999603e+00 0.000000000000000000e+00 0.000000000000000000e+00 1.000000000000000000e+00 0.000000000000000000e+00
3.175298135934873783e-02 -9.994957469518280790e-01 0.000000000000000000e+00 -8.492879000000000289e+00 9.994957469518280790e-01 3.175298135934873783e-02 0.000000000000000000e+00 -4.450870499999999730e+00 0.000000000000000000e+00 0.000000000000000000e+00 1.000000000000000000e+00 0.000000000000000000e+00
-1.795853972109054675e-01 -9.837423875733938283e-01 0.000000000000000000e+00 -8.523939000000000377e+00 9.837423875733938283e-01 -1.795853972109054675e-01 0.000000000000000000e+00 -4.538388699999999609e+00 0.000000000000000000e+00 0.000000000000000000e+00 1.000000000000000000e+00 0.000000000000000000e+00
-6.134372068903370945e-01 -7.897434983604371128e-01 0.000000000000000000e+00 -8.388028999999999513e+00 7.897434983604371128e-01 -6.134372068903370945e-01 0.000000000000000000e+00 -4.495440499999999950e+00 0.000000000000000000e+00 0.000000000000000000e+00 1.000000000000000000e+00 0.000000000000000000e+00
-8.436839665671128641e-01 -5.368401666768076730e-01 0.000000000000000000e+00 -8.212868999999999531e+00 5.368401666768076730e-01 -8.436839665671128641e-01 0.000000000000000000e+00 -4.895432500000000076e+00 0.000000000000000000e+00 0.000000000000000000e+00 1.000000000000000000e+00 0.000000000000000000e+00
-9.791944871184642407e-01 -2.029240163135150044e-01 0.000000000000000000e+00 -8.140541000000000693e+00 2.029240163135150044e-01 -9.791944871184642407e-01 0.000000000000000000e+00 -5.434815999999999647e+00 0.000000000000000000e+00 0.000000000000000000e+00 1.000000000000000000e+00 0.000000000000000000e+00
-9.938622112315007584e-01 1.106250653605765633e-01 0.000000000000000000e+00 -7.826831300000000269e+00 -1.106250653605765633e-01 -9.938622112315007584e-01 0.000000000000000000e+00 -5.931327300000000413e+00 0.000000000000000000e+00 0.000000000000000000e+00 1.000000000000000000e+00 0.000000000000000000e+00
-7.266648392983200422e-01 6.869921479373303219e-01 0.000000000000000000e+00 -7.602779400000000187e+00 -6.869921479373303219e-01 -7.266648392983200422e-01 0.000000000000000000e+00 -6.478379200000000004e+00 0.000000000000000000e+00 0.000000000000000000e+00 1.000000000000000000e+00 0.000000000000000000e+00
-4.432586184591583156e-01 8.963937734955984560e-01 0.000000000000000000e+00 -6.983003000000000071e+00 -8.963937734955984560e-01 -4.432586184591583156e-01 0.000000000000000000e+00 -6.898811300000000202e+00 0.000000000000000000e+00 0.000000000000000000e+00 1.000000000000000000e+00 0.000000000000000000e+00
-2.696257559972460860e-01 9.629651871708101440e-01 0.000000000000000000e+00 -6.075868599999999731e+00 -9.629651871708101440e-01 -2.696257559972460860e-01 0.000000000000000000e+00 -7.120482400000000212e+00 0.000000000000000000e+00 0.000000000000000000e+00 1.000000000000000000e+00 0.000000000000000000e+00
2.335613373352063982e-01 -9.723420703138324628e-01 0.000000000000000000e+00 -6.192191000000000223e+00 9.723420703138324628e-01 2.335613373352063982e-01 0.000000000000000000e+00 -7.013709500000000041e+00 0.000000000000000000e+00 0.000000000000000000e+00 1.000000000000000000e+00 0.000000000000000000e+00
-2.517470612211005973e-02 9.996830668625258376e-01 0.000000000000000000e+00 -5.415233999999999881e+00 -9.996830668625258376e-01 -2.517470612211005973e-02 0.000000000000000000e+00 -7.012754400000000388e+00 0.000000000000000000e+00 0.000000000000000000e+00 1.000000000000000000e+00 0.000000000000000000e+00
1.888300573336457178e-01 9.820097807289762670e-01 0.000000000000000000e+00 -4.942967000000000333e+00 -9.820097807289762670e-01 1.888300573336457178e-01 0.000000000000000000e+00 -6.912360699999999802e+00 0.000000000000000000e+00 0.000000000000000000e+00 1.000000000000000000e+00 0.000000000000000000e+00
3.000209674721474040e-01 9.539326071987876965e-01 0.000000000000000000e+00 -4.344629300000000249e+00 -9.539326071987876965e-01 3.000209674721474040e-01 0.000000000000000000e+00 -6.864045599999999858e+00 0.000000000000000000e+00 0.000000000000000000e+00 1.000000000000000000e+00 0.000000000000000000e+00
4.029461601879972266e-01 9.152236841285025237e-01 0.000000000000000000e+00 -3.771667700000000067e+00 -9.152236841285025237e-01 4.029461601879972266e-01 0.000000000000000000e+00 -6.732432400000000428e+00 0.000000000000000000e+00 0.000000000000000000e+00 1.000000000000000000e+00 0.000000000000000000e+00
4.494069253497917638e-01 8.933271603660367655e-01 0.000000000000000000e+00 -3.345375999999999905e+00 -8.933271603660367655e-01 4.494069253497917638e-01 0.000000000000000000e+00 -6.395773000000000152e+00 0.000000000000000000e+00 0.000000000000000000e+00 1.000000000000000000e+00 0.000000000000000000e+00
5.531083284600634142e-01 8.331093427564683074e-01 0.000000000000000000e+00 -3.018494099999999847e+00 -8.331093427564683074e-01 5.531083284600634142e-01 0.000000000000000000e+00 -6.123326300000000444e+00 0.000000000000000000e+00 0.000000000000000000e+00 1.000000000000000000e+00 0.000000000000000000e+00
6.851631292067015266e-01 7.283896528477602494e-01 0.000000000000000000e+00 -2.331437000000000204e+00 -7.283896528477602494e-01 6.851631292067015266e-01 0.000000000000000000e+00 -5.823210699999999740e+00 0.000000000000000000e+00 0.000000000000000000e+00 1.000000000000000000e+00 0.000000000000000000e+00
7.935406652824773532e-01 6.085172245245348277e-01 0.000000000000000000e+00 -1.973655500000000007e+00 -6.085172245245348277e-01 7.935406652824773532e-01 0.000000000000000000e+00 -5.292069999999999830e+00 0.000000000000000000e+00 0.000000000000000000e+00 1.000000000000000000e+00 0.000000000000000000e+00
8.187136189222894433e-01 5.742020639036125029e-01 0.000000000000000000e+00 -1.566234499999999974e+00 -5.742020639036125029e-01 8.187136189222894433e-01 0.000000000000000000e+00 -4.688480400000000436e+00 0.000000000000000000e+00 0.000000000000000000e+00 1.000000000000000000e+00 0.000000000000000000e+00
8.580014491220581130e-01 5.136472654501806900e-01 0.000000000000000000e+00 -1.227875199999999944e+00 -5.136472654501806900e-01 8.580014491220581130e-01 0.000000000000000000e+00 -4.240068400000000182e+00 0.000000000000000000e+00 0.000000000000000000e+00 1.000000000000000000e+00 0.000000000000000000e+00
8.297040174318850436e-01 5.582035860305720743e-01 0.000000000000000000e+00 -1.060698900000000000e+00 -5.582035860305720743e-01 8.297040174318850436e-01 0.000000000000000000e+00 -3.672886399999999885e+00 0.000000000000000000e+00 0.000000000000000000e+00 1.000000000000000000e+00 0.000000000000000000e+00
9.021493893806734610e-01 4.314237814957330164e-01 0.000000000000000000e+00 -7.690493999999999941e-01 -4.314237814957330164e-01 9.021493893806734610e-01 0.000000000000000000e+00 -3.204511600000000016e+00 0.000000000000000000e+00 0.000000000000000000e+00 1.000000000000000000e+00 0.000000000000000000e+00
8.923814553028837082e-01 4.512818833406759267e-01 0.000000000000000000e+00 -5.518834000000000239e-01 -4.512818833406759267e-01 8.923814553028837082e-01 0.000000000000000000e+00 -2.922771700000000195e+00 0.000000000000000000e+00 0.000000000000000000e+00 1.000000000000000000e+00 0.000000000000000000e+00
9.039213748953505156e-01 4.276986649585186595e-01 0.000000000000000000e+00 -4.765910500000000161e-01 -4.276986649585186595e-01 9.039213748953505156e-01 0.000000000000000000e+00 -2.436769500000000033e+00 0.000000000000000000e+00 0.000000000000000000e+00 1.000000000000000000e+00 0.000000000000000000e+00
8.939664972009118138e-01 4.481337990849743047e-01 0.000000000000000000e+00 -8.659851600000000038e-02 -4.481337990849743047e-01 8.939664972009118138e-01 0.000000000000000000e+00 -1.977152800000000044e+00 0.000000000000000000e+00 0.000000000000000000e+00 1.000000000000000000e+00 0.000000000000000000e+00
8.832738956941583730e-01 4.688573612360853460e-01 0.000000000000000000e+00 1.855409699999999995e-01 -4.688573612360853460e-01 8.832738956941583730e-01 0.000000000000000000e+00 -1.379816799999999954e+00 0.000000000000000000e+00 0.000000000000000000e+00 1.000000000000000000e+00 0.000000000000000000e+00
8.481403781752788751e-01 5.297715535102793805e-01 0.000000000000000000e+00 2.925681199999999871e-01 -5.297715535102793805e-01 8.481403781752788751e-01 0.000000000000000000e+00 -9.160059999999999869e-01 0.000000000000000000e+00 0.000000000000000000e+00 1.000000000000000000e+00 0.000000000000000000e+00
9.460847873730741098e-01 3.239190872752717998e-01 0.000000000000000000e+00 5.613631000000000038e-01 -3.239190872752717998e-01 9.460847873730741098e-01 0.000000000000000000e+00 -3.558027999999999746e-01 0.000000000000000000e+00 0.000000000000000000e+00 1.000000000000000000e+00 0.000000000000000000e+00
9.129832210605336451e-01 4.079971054577873346e-01 0.000000000000000000e+00 7.227738999999999692e-01 -4.079971054577873346e-01 9.129832210605336451e-01 0.000000000000000000e+00 9.903367999999999893e-02 0.000000000000000000e+00 0.000000000000000000e+00 1.000000000000000000e+00 0.000000000000000000e+00
-5.050210605691484167e-01 8.631070202365477284e-01 0.000000000000000000e+00 6.127335000000000420e-01 -8.631070202365477284e-01 -5.050210605691484167e-01 0.000000000000000000e+00 1.353397799999999929e-01 0.000000000000000000e+00 0.000000000000000000e+00 1.000000000000000000e+00 0.000000000000000000e+00
9.523307654962130941e-01 3.050673910620352314e-01 0.000000000000000000e+00 6.983650999999999609e-01 -3.050673910620352314e-01 9.523307654962130941e-01 0.000000000000000000e+00 6.403448000000000473e-01 0.000000000000000000e+00 0.000000000000000000e+00 1.000000000000000000e+00 0.000000000000000000e+00
9.849923424966873231e-01 1.725980452464297710e-01 0.000000000000000000e+00 8.497169999999999446e-01 -1.725980452464297710e-01 9.849923424966873231e-01 0.000000000000000000e+00 1.099555999999999978e+00 0.000000000000000000e+00 0.000000000000000000e+00 1.000000000000000000e+00 0.000000000000000000e+00
9.980595036203562254e-01 6.226738498675058603e-02 0.000000000000000000e+00 9.508340400000000470e-01 -6.226738498675058603e-02 9.980595036203562254e-01 0.000000000000000000e+00 1.723522699999999963e+00 0.000000000000000000e+00 0.000000000000000000e+00 1.000000000000000000e+00 0.000000000000000000e+00
9.913736280465859085e-01 -1.310661268739923835e-01 0.000000000000000000e+00 8.644986000000000059e-01 1.310661268739923835e-01 9.913736280465859085e-01 0.000000000000000000e+00 2.337971200000000138e+00 0.000000000000000000e+00 0.000000000000000000e+00 1.000000000000000000e+00 0.000000000000000000e+00
9.626666807412637139e-01 -2.706896041420832622e-01 0.000000000000000000e+00 5.783481600000000000e-01 2.706896041420832622e-01 9.626666807412637139e-01 0.000000000000000000e+00 2.892186199999999818e+00 0.000000000000000000e+00 0.000000000000000000e+00 1.000000000000000000e+00 0.000000000000000000e+00
9.526757607642925008e-01 -3.039883136769840899e-01 0.000000000000000000e+00 3.661742800000000186e-01 3.039883136769840899e-01 9.526757607642925008e-01 0.000000000000000000e+00 3.659796500000000119e+00 0.000000000000000000e+00 0.000000000000000000e+00 1.000000000000000000e+00 0.000000000000000000e+00
9.133145743706247988e-01 -4.072548197900234812e-01 0.000000000000000000e+00 8.913719999999999977e-02 4.072548197900234812e-01 9.133145743706247988e-01 0.000000000000000000e+00 4.306389300000000198e+00 0.000000000000000000e+00 0.000000000000000000e+00 1.000000000000000000e+00 0.000000000000000000e+00
7.954886932245074371e-01 -6.059684306562227452e-01 0.000000000000000000e+00 -2.887294999999999723e-01 6.059684306562227452e-01 7.954886932245074371e-01 0.000000000000000000e+00 4.626034299999999710e+00 0.000000000000000000e+00 0.000000000000000000e+00 1.000000000000000000e+00 0.000000000000000000e+00
6.018583054197017557e-01 -7.986028926802889449e-01 0.000000000000000000e+00 -8.196248999999999896e-01 7.986028926802889449e-01 6.018583054197017557e-01 0.000000000000000000e+00 5.029094999999999871e+00 0.000000000000000000e+00 0.000000000000000000e+00 1.000000000000000000e+00 0.000000000000000000e+00
-3.439284364880966782e-01 9.389958629167932669e-01 0.000000000000000000e+00 -1.319815799999999983e+00 -9.389958629167932669e-01 -3.439284364880966782e-01 0.000000000000000000e+00 5.495677500000000215e+00 0.000000000000000000e+00 0.000000000000000000e+00 1.000000000000000000e+00 0.000000000000000000e+00
-1.279595734890695002e-01 9.917793845167862665e-01 0.000000000000000000e+00 -2.235773599999999917e+00 -9.917793845167862665e-01 -1.279595734890695002e-01 0.000000000000000000e+00 5.723119999999999763e+00 0.000000000000000000e+00 0.000000000000000000e+00 1.000000000000000000e+00 0.000000000000000000e+00
2.494493945353165321e-01 9.683878353046180276e-01 0.000000000000000000e+00 -2.935184700000000202e+00 -9.683878353046180276e-01 2.494493945353165321e-01 0.000000000000000000e+00 5.767976799999999571e+00 0.000000000000000000e+00 0.000000000000000000e+00 1.000000000000000000e+00 0.000000000000000000e+00
5.407627680340809651e-01 8.411751474622385372e-01 0.000000000000000000e+00 -3.784810999999999925e+00 -8.411751474622385372e-01 5.407627680340809651e-01 0.000000000000000000e+00 5.939374400000000165e+00 0.000000000000000000e+00 0.000000000000000000e+00 1.000000000000000000e+00 0.000000000000000000e+00
8.175092729427677618e-01 5.759154353310798058e-01 0.000000000000000000e+00 -4.428860700000000428e+00 -5.759154353310798058e-01 8.175092729427677618e-01 0.000000000000000000e+00 5.775466999999999906e+00 0.000000000000000000e+00 0.000000000000000000e+00 1.000000000000000000e+00 0.000000000000000000e+00
9.998599364580008642e-01 1.673641138961359104e-02 0.000000000000000000e+00 -5.170037999999999911e+00 -1.673641138961359104e-02 9.998599364580008642e-01 0.000000000000000000e+00 5.304678400000000238e+00 0.000000000000000000e+00 0.000000000000000000e+00 1.000000000000000000e+00 0.000000000000000000e+00
8.389016078132560672e-01 -5.442830995064369404e-01 0.000000000000000000e+00 -5.728504000000000040e+00 5.442830995064369404e-01 8.389016078132560672e-01 0.000000000000000000e+00 4.869691999999999688e+00 0.000000000000000000e+00 0.000000000000000000e+00 1.000000000000000000e+00 0.000000000000000000e+00
-7.119070901749977032e-02 -9.974627225864561852e-01 0.000000000000000000e+00 -5.828573699999999747e+00 9.974627225864561852e-01 -7.119070901749977032e-02 0.000000000000000000e+00 4.315613700000000108e+00 0.000000000000000000e+00 0.000000000000000000e+00 1.000000000000000000e+00 0.000000000000000000e+00
-8.895673545259077386e-01 -4.568040299316304953e-01 0.000000000000000000e+00 -5.642052699999999810e+00 4.568040299316304953e-01 -8.895673545259077386e-01 0.000000000000000000e+00 4.022790399999999877e+00 0.000000000000000000e+00 0.000000000000000000e+00 1.000000000000000000e+00 0.000000000000000000e+00
-8.738830161188232415e-01 4.861362711617686072e-01 0.000000000000000000e+00 -5.676554699999999620e+00 -4.861362711617686072e-01 -8.738830161188232415e-01 0.000000000000000000e+00 4.497207600000000305e+00 0.000000000000000000e+00 0.000000000000000000e+00 1.000000000000000000e+00 0.000000000000000000e+00
3.560160181771621080e-02 9.993660620353348456e-01 0.000000000000000000e+00 -6.180184999999999818e+00 -9.993660620353348456e-01 3.560160181771621080e-02 0.000000000000000000e+00 4.394284999999999997e+00 0.000000000000000000e+00 0.000000000000000000e+00 1.000000000000000000e+00 0.000000000000000000e+00
-4.586551415767028406e-01 8.886143489192905864e-01 0.000000000000000000e+00 -6.805652600000000163e+00 -8.886143489192905864e-01 -4.586551415767028406e-01 0.000000000000000000e+00 3.757342299999999913e+00 0.000000000000000000e+00 0.000000000000000000e+00 1.000000000000000000e+00 0.000000000000000000e+00
-5.094215748476159655e-01 8.605170881974248953e-01 0.000000000000000000e+00 -7.168453000000000408e+00 -8.605170881974248953e-01 -5.094215748476159655e-01 0.000000000000000000e+00 3.584861800000000098e+00 0.000000000000000000e+00 0.000000000000000000e+00 1.000000000000000000e+00 0.000000000000000000e+00
-8.770176925896656650e-01 4.804580802574754950e-01 0.000000000000000000e+00 -7.932827500000000143e+00 -4.804580802574754950e-01 -8.770176925896656650e-01 0.000000000000000000e+00 3.184327600000000036e+00 0.000000000000000000e+00 0.000000000000000000e+00 1.000000000000000000e+00 0.000000000000000000e+00
-9.994814204524432588e-01 -3.220077903353099624e-02 0.000000000000000000e+00 -8.398303999999999547e+00 3.220077903353099624e-02 -9.994814204524432588e-01 0.000000000000000000e+00 2.839370699999999914e+00 0.000000000000000000e+00 0.000000000000000000e+00 1.000000000000000000e+00 0.000000000000000000e+00
-3.784380672842944660e-01 -9.256266143700319082e-01 0.000000000000000000e+00 -8.937509999999999621e+00 9.256266143700319082e-01 -3.784380672842944660e-01 0.000000000000000000e+00 2.873231999999999786e+00 0.000000000000000000e+00 0.000000000000000000e+00 1.000000000000000000e+00 0.000000000000000000e+00
-9.655900042384173154e-02 -9.953272624806117630e-01 0.000000000000000000e+00 -9.113960999999999757e+00 9.953272624806117630e-01 -9.655900042384173154e-02 0.000000000000000000e+00 2.454609899999999900e+00 0.000000000000000000e+00 0.000000000000000000e+00 1.000000000000000000e+00 0.000000000000000000e+00
1.461874577572793432e-01 -9.892569065689982288e-01 0.000000000000000000e+00 -8.518316000000000443e+00 9.892569065689982288e-01 1.461874577572793432e-01 0.000000000000000000e+00 2.533151999999999848e+00 0.000000000000000000e+00 0.000000000000000000e+00 1.000000000000000000e+00 0.000000000000000000e+00
3.025548719731308012e-01 -9.531319685360062355e-01 0.000000000000000000e+00 -8.215958000000000538e+00 9.531319685360062355e-01 3.025548719731308012e-01 0.000000000000000000e+00 2.423982599999999987e+00 0.000000000000000000e+00 0.000000000000000000e+00 1.000000000000000000e+00 0.000000000000000000e+00
3.504819263317977551e-01 -9.365694951869574236e-01 0.000000000000000000e+00 -7.793979600000000119e+00 9.365694951869574236e-01 3.504819263317977551e-01 0.000000000000000000e+00 2.140842199999999806e+00 0.000000000000000000e+00 0.000000000000000000e+00 1.000000000000000000e+00 0.000000000000000000e+00
5.042794253301385865e-01 -8.635405382428233967e-01 0.000000000000000000e+00 -7.355972300000000352e+00 8.635405382428233967e-01 5.042794253301385865e-01 0.000000000000000000e+00 1.776347399999999910e+00 0.000000000000000000e+00 0.000000000000000000e+00 1.000000000000000000e+00 0.000000000000000000e+00
6.634290426279633168e-01 -7.482392033285505395e-01 0.000000000000000000e+00 -7.082024999999999793e+00 7.482392033285505395e-01 6.634290426279633168e-01 0.000000000000000000e+00 1.558606600000000064e+00 0.000000000000000000e+00 0.000000000000000000e+00 1.000000000000000000e+00 0.000000000000000000e+00
6.802880888127530445e-01 -7.329448248125446375e-01 0.000000000000000000e+00 -6.847833999999999754e+00 7.329448248125446375e-01 6.802880888127530445e-01 0.000000000000000000e+00 1.116969099999999937e+00 0.000000000000000000e+00 0.000000000000000000e+00 1.000000000000000000e+00 0.000000000000000000e+00
8.421078043348152464e-01 -5.393092302922289916e-01 0.000000000000000000e+00 -6.944418999999999897e+00 5.393092302922289916e-01 8.421078043348152464e-01 0.000000000000000000e+00 8.551633400000000496e-01 0.000000000000000000e+00 0.000000000000000000e+00 1.000000000000000000e+00 0.000000000000000000e+00
8.699732255486406496e-01 -4.930989625100563600e-01 0.000000000000000000e+00 -7.023595300000000208e+00 4.930989625100563600e-01 8.699732255486406496e-01 0.000000000000000000e+00 9.204531000000000518e-02 0.000000000000000000e+00 0.000000000000000000e+00 1.000000000000000000e+00 0.000000000000000000e+00
8.901283404508222308e-01 -4.557099269560245247e-01 0.000000000000000000e+00 -7.379995300000000036e+00 4.557099269560245247e-01 8.901283404508222308e-01 0.000000000000000000e+00 -7.511675399999999669e-01 0.000000000000000000e+00 0.000000000000000000e+00 1.000000000000000000e+00 0.000000000000000000e+00
9.110383176724969889e-01 -4.123216993228303595e-01 0.000000000000000000e+00 -7.522666499999999701e+00 4.123216993228303595e-01 9.110383176724969889e-01 0.000000000000000000e+00 -1.463435400000000053e+00 0.000000000000000000e+00 0.000000000000000000e+00 1.000000000000000000e+00 0.000000000000000000e+00
9.860693034070925345e-01 -1.663349899397333909e-01 0.000000000000000000e+00 -7.638407700000000133e+00 1.663349899397333909e-01 9.860693034070925345e-01 0.000000000000000000e+00 -2.165991299999999953e+00 0.000000000000000000e+00 0.000000000000000000e+00 1.000000000000000000e+00 0.000000000000000000e+00
9.084638860626604862e-01 -4.179633569105424273e-01 0.000000000000000000e+00 -7.799992999999999732e+00 4.179633569105424273e-01 9.084638860626604862e-01 0.000000000000000000e+00 -3.063855199999999890e+00 0.000000000000000000e+00 0.000000000000000000e+00 1.000000000000000000e+00 0.000000000000000000e+00
8.310915852708549156e-01 -5.561355742010911651e-01 0.000000000000000000e+00 -7.883283600000000391e+00 5.561355742010911651e-01 8.310915852708549156e-01 0.000000000000000000e+00 -3.531331000000000220e+00 0.000000000000000000e+00 0.000000000000000000e+00 1.000000000000000000e+00 0.000000000000000000e+00
6.431220178256533693e-01 -7.657637169439800440e-01 0.000000000000000000e+00 -8.272313999999999723e+00 7.657637169439800440e-01 6.431220178256533693e-01 0.000000000000000000e+00 -3.745642699999999881e+00 0.000000000000000000e+00 0.000000000000000000e+00 1.000000000000000000e+00 0.000000000000000000e+00
4.372728658408189806e-01 -8.993288835567092576e-01 0.000000000000000000e+00 -8.129848000000000852e+00 8.993288835567092576e-01 4.372728658408189806e-01 0.000000000000000000e+00 -4.076068000000000247e+00 0.000000000000000000e+00 0.000000000000000000e+00 1.000000000000000000e+00 0.000000000000000000e+00
6.735847925012068693e-02 -9.977288385493882084e-01 0.000000000000000000e+00 -7.870036999999999949e+00 9.977288385493882084e-01 6.735847925012068693e-02 0.000000000000000000e+00 -4.142195700000000258e+00 0.000000000000000000e+00 0.000000000000000000e+00 1.000000000000000000e+00 0.000000000000000000e+00
-3.340055382519675486e-01 -9.425711115968987697e-01 0.000000000000000000e+00 -7.709260999999999697e+00 9.425711115968987697e-01 -3.340055382519675486e-01 0.000000000000000000e+00 -4.092490999999999879e+00 0.000000000000000000e+00 0.000000000000000000e+00 1.000000000000000000e+00 0.000000000000000000e+00
-7.557015605215463561e-01 -6.549161407579596750e-01 0.000000000000000000e+00 -7.367254700000000156e+00 6.549161407579596750e-01 -7.557015605215463561e-01 0.000000000000000000e+00 -4.029730999999999952e+00 0.000000000000000000e+00 0.000000000000000000e+00 1.000000000000000000e+00 0.000000000000000000e+00
-9.438682244953502387e-01 -3.303222287221904141e-01 0.000000000000000000e+00 -7.477120399999999556e+00 3.303222287221904141e-01 -9.438682244953502387e-01 0.000000000000000000e+00 -3.867239000000000093e+00 0.000000000000000000e+00 0.000000000000000000e+00 1.000000000000000000e+00 0.000000000000000000e+00
-9.991191725804289270e-01 4.196282857719587506e-02 0.000000000000000000e+00 -7.485460999999999920e+00 -4.196282857719587506e-02 -9.991191725804289270e-01 0.000000000000000000e+00 -3.696447099999999875e+00 0.000000000000000000e+00 0.000000000000000000e+00 1.000000000000000000e+00 0.000000000000000000e+00
-9.357616035297008361e-01 3.526332675167263009e-01 0.000000000000000000e+00 -7.528590999999999589e+00 -3.526332675167263009e-01 -9.357616035297008361e-01 0.000000000000000000e+00 -3.635544299999999840e+00 0.000000000000000000e+00 0.000000000000000000e+00 1.000000000000000000e+00 0.000000000000000000e+00
-7.537271007080240670e-01 6.571875361403898275e-01 0.000000000000000000e+00 -7.707031999999999883e+00 -6.571875361403898275e-01 -7.537271007080240670e-01 0.000000000000000000e+00 -3.471720200000000034e+00 0.000000000000000000e+00 0.000000000000000000e+00 1.000000000000000000e+00 0.000000000000000000e+00
-5.824705658894622218e-01 8.128517945310876902e-01 0.000000000000000000e+00 -7.798966000000000065e+00 -8.128517945310876902e-01 -5.824705658894622218e-01 0.000000000000000000e+00 -3.394388199999999856e+00 0.000000000000000000e+00 0.000000000000000000e+00 1.000000000000000000e+00 0.000000000000000000e+00
3.101958329589175611e-01 -9.506726803768599243e-01 0.000000000000000000e+00 -8.017960000000000420e+00 9.506726803768599243e-01 3.101958329589175611e-01 0.000000000000000000e+00 -3.272900599999999827e+00 0.000000000000000000e+00 0.000000000000000000e+00 1.000000000000000000e+00 0.000000000000000000e+00
1.327447425762446065e-01 -9.911502576897039951e-01 0.000000000000000000e+00 -8.172392000000000323e+00 9.911502576897039951e-01 1.327447425762446065e-01 0.000000000000000000e+00 -3.330468199999999879e+00 0.000000000000000000e+00 0.000000000000000000e+00 1.000000000000000000e+00 0.000000000000000000e+00
-1.628553790450990579e-01 -9.866499508519103179e-01 0.000000000000000000e+00 -8.426975000000000549e+00 9.866499508519103179e-01 -1.628553790450990579e-01 0.000000000000000000e+00 -3.308221300000000031e+00 0.000000000000000000e+00 0.000000000000000000e+00 1.000000000000000000e+00 0.000000000000000000e+00
-4.726539898658579375e-01 -8.812480955235508784e-01 0.000000000000000000e+00 -8.796255999999999631e+00 8.812480955235508784e-01 -4.726539898658579375e-01 0.000000000000000000e+00 -3.479696300000000075e+00 0.000000000000000000e+00 0.000000000000000000e+00 1.000000000000000000e+00 0.000000000000000000e+00
-8.162321626195051527e-01 -5.777240316149966359e-01 0.000000000000000000e+00 -8.731441999999999481e+00 5.777240316149966359e-01 -8.162321626195051527e-01 0.000000000000000000e+00 -3.685138199999999919e+00 0.000000000000000000e+00 0.000000000000000000e+00 1.000000000000000000e+00 0.000000000000000000e+00
-9.225192151520035244e-01 -3.859511597020164331e-01 0.000000000000000000e+00 -8.625458000000000069e+00 3.859511597020164331e-01 -9.225192151520035244e-01 0.000000000000000000e+00 -3.860504999999999853e+00 0.000000000000000000e+00 0.000000000000000000e+00 1.000000000000000000e+00 0.000000000000000000e+00
-9.997456252639769225e-01 2.255404100244407309e-02 0.000000000000000000e+00 -8.704454000000000136e+00 -2.255404100244407309e-02 -9.997456252639769225e-01 0.000000000000000000e+00 -4.550057400000000030e+00 0.000000000000000000e+00 0.000000000000000000e+00 1.000000000000000000e+00 0.000000000000000000e+00
-9.973257281608317593e-01 -7.308482707420713154e-02 0.000000000000000000e+00 -8.895474000000000103e+00 7.308482707420713154e-02 -9.973257281608317593e-01 0.000000000000000000e+00 -5.250226999999999755e+00 0.000000000000000000e+00 0.000000000000000000e+00 1.000000000000000000e+00 0.000000000000000000e+00
-9.978529805563228772e-01 -6.549373401221407487e-02 0.000000000000000000e+00 -9.089741999999999322e+00 6.549373401221407487e-02 -9.978529805563228772e-01 0.000000000000000000e+00 -5.436800999999999995e+00 0.000000000000000000e+00 0.000000000000000000e+00 1.000000000000000000e+00 0.000000000000000000e+00
9.996846272506936248e-01 -2.511266689624692613e-02 0.000000000000000000e+00 -9.173071000000000197e+00 2.511266689624692613e-02 9.996846272506936248e-01 0.000000000000000000e+00 -6.222408299999999670e+00 0.000000000000000000e+00 0.000000000000000000e+00 1.000000000000000000e+00 0.000000000000000000e+00
