9.918871468621526244e-01 1.271215477000591787e-01 0.000000000000000000e+00 -7.026188000000000322e+00 -1.271215477000591787e-01 9.918871468621526244e-01 0.000000000000000000e+00 4.529011200000000237e+00 0.000000000000000000e+00 0.000000000000000000e+00 1.000000000000000000e+00 0.000000000000000000e+00
5.640431531122666042e-01 8.257453126885868633e-01 0.000000000000000000e+00 -6.640152999999999750e+00 -8.257453126885868633e-01 5.640431531122666042e-01 0.000000000000000000e+00 4.234271999999999814e+00 0.000000000000000000e+00 0.000000000000000000e+00 1.000000000000000000e+00 0.000000000000000000e+00
-5.577415870491321259e-01 8.300146517236399735e-01 0.000000000000000000e+00 -6.269161999999999679e+00 -8.300146517236399735e-01 -5.577415870491321259e-01 0.000000000000000000e+00 4.038292000000000215e+00 0.000000000000000000e+00 0.000000000000000000e+00 1.000000000000000000e+00 0.000000000000000000e+00
-4.315458206641072936e-01 9.020910179507066751e-01 0.000000000000000000e+00 -6.541648999999999603e+00 -9.020910179507066751e-01 -4.315458206641072936e-01 0.000000000000000000e+00 3.855320199999999975e+00 0.000000000000000000e+00 0.000000000000000000e+00 1.000000000000000000e+00 0.000000000000000000e+00
-7.834740061109073395e-01 6.214245583725557243e-01 0.000000000000000000e+00 -6.426191000000000209e+00 -6.214245583725557243e-01 -7.834740061109073395e-01 0.000000000000000000e+00 3.592642800000000136e+00 0.000000000000000000e+00 0.000000000000000000e+00 1.000000000000000000e+00 0.000000000000000000e+00
-4.965858085400813304e-01 8.679876351403824630e-01 0.000000000000000000e+00 -6.777044300000000021e+00 -8.679876351403824630e-01 -4.965858085400813304e-01 0.000000000000000000e+00 3.270517799999999919e+00 0.000000000000000000e+00 0.000000000000000000e+00 1.000000000000000000e+00 0.000000000000000000e+00
-9.991155684921635416e-01 4.204855284764039830e-02 0.000000000000000000e+00 -7.064677699999999838e+00 -4.204855284764039830e-02 -9.991155684921635416e-01 0.000000000000000000e+00 2.789492999999999778e+00 0.000000000000000000e+00 0.000000000000000000e+00 1.000000000000000000e+00 0.000000000000000000e+00
-8.891801191819517225e-01 4.575573359171177246e-01 0.000000000000000000e+00 -6.930659300000000300e+00 -4.575573359171177246e-01 -8.891801191819517225e-01 0.000000000000000000e+00 2.286132600000000181e+00 0.000000000000000000e+00 0.000000000000000000e+00 1.000000000000000000e+00 0.000000000000000000e+00
-9.934462115662305859e-01 -1.143005893453934163e-01 0.000000000000000000e+00 -6.900462000000000096e+00 1.143005893453934163e-01 -9.934462115662305859e-01 0.000000000000000000e+00 1.967938299999999918e+00 0.000000000000000000e+00 0.000000000000000000e+00 1.000000000000000000e+00 0.000000000000000000e+00
-8.515848450457725871e-01 5.242167983653017727e-01 0.000000000000000000e+00 -6.883117999999999626e+00 -5.242167983653017727e-01 -8.515848450457725871e-01 0.000000000000000000e+00 1.413651699999999956e+00 0.000000000000000000e+00 0.000000000000000000e+00 1.000000000000000000e+00 0.000000000000000000e+00
-9.795315617937291330e-01 -2.012906342827151529e-01 0.000000000000000000e+00 -7.015024000000000370e+00 2.012906342827151529e-01 -9.795315617937291330e-01 0.000000000000000000e+00 9.302556499999999895e-01 0.000000000000000000e+00 0.000000000000000000e+00 1.000000000000000000e+00 0.000000000000000000e+00
-9.691764282194539337e-01 2.463677149786100140e-01 0.000000000000000000e+00 -6.977961500000000150e+00 -2.463677149786100140e-01 -9.691764282194539337e-01 0.000000000000000000e+00 3.913464500000000124e-01 0.000000000000000000e+00 0.000000000000000000e+00 1.000000000000000000e+00 0.000000000000000000e+00
-9.136735644648044108e-01 -4.064487884078127333e-01 0.000000000000000000e+00 -7.184667600000000043e+00 4.064487884078127333e-01 -9.136735644648044108e-01 0.000000000000000000e+00 9.808516999999999930e-02 0.000000000000000000e+00 0.000000000000000000e+00 1.000000000000000000e+00 0.000000000000000000e+00
-9.578929071804312967e-01 2.871257187599566829e-01 0.000000000000000000e+00 -7.257592999999999961e+00 -2.871257187599566829e-01 -9.578929071804312967e-01 0.000000000000000000e+00 -2.858930199999999977e-01 0.000000000000000000e+00 0.000000000000000000e+00 1.000000000000000000e+00 0.000000000000000000e+00
-9.993479081482525839e-01 -3.610759587277487942e-02 0.000000000000000000e+00 -7.819339300000000215e+00 3.610759587277487942e-02 -9.993479081482525839e-01 0.000000000000000000e+00 -6.137885499999999883e-01 0.000000000000000000e+00 0.000000000000000000e+00 1.000000000000000000e+00 0.000000000000000000e+00
-9.213963872765289498e-01 3.886241082508400946e-01 0.000000000000000000e+00 -7.917140500000000358e+00 -3.886241082508400946e-01 -9.213963872765289498e-01 0.000000000000000000e+00 -1.074531899999999984e+00 0.000000000000000000e+00 0.000000000000000000e+00 1.000000000000000000e+00 0.000000000000000000e+00
-9.901923917985390178e-01 1.397105122182602521e-01 0.000000000000000000e+00 -8.223801999999999168e+00 -1.397105122182602521e-01 -9.901923917985390178e-01 0.000000000000000000e+00 -1.314324499999999896e+00 0.000000000000000000e+00 0.000000000000000000e+00 1.000000000000000000e+00 0.000000000000000000e+00
-8.603692278211687583e-01 5.096712585759627379e-01 0.000000000000000000e+00 -8.364397000000000304e+00 -5.096712585759627379e-01 -8.603692278211687583e-01 0.000000000000000000e+00 -1.750429400000000024e+00 0.000000000000000000e+00 0.000000000000000000e+00 1.000000000000000000e+00 0.000000000000000000e+00
-9.960323879883702380e-01 8.899147194076932610e-02 0.000000000000000000e+00 -8.764639000000000735e+00 -8.899147194076932610e-02 -9.960323879883702380e-01 0.000000000000000000e+00 -1.831312400000000062e+00 0.000000000000000000e+00 0.000000000000000000e+00 1.000000000000000000e+00 0.000000000000000000e+00
-9.398231686592926071e-01 3.416612527800115262e-01 0.000000000000000000e+00 -8.844504000000000588e+00 -3.416612527800115262e-01 -9.398231686592926071e-01 0.000000000000000000e+00 -2.297097700000000131e+00 0.000000000000000000e+00 0.000000000000000000e+00 1.000000000000000000e+00 0.000000000000000000e+00
-9.763852060252771192e-01 2.160368705915197418e-01 0.000000000000000000e+00 -8.987871999999999417e+00 -2.160368705915197418e-01 -9.763852060252771192e-01 0.000000000000000000e+00 -2.428647499999999848e+00 0.000000000000000000e+00 0.000000000000000000e+00 1.000000000000000000e+00 0.000000000000000000e+00
-8.319399757309372534e-01 5.548656384935073405e-01 0.000000000000000000e+00 -8.761782000000000181e+00 -5.548656384935073405e-01 -8.319399757309372534e-01 0.000000000000000000e+00 -2.940598699999999788e+00 0.000000000000000000e+00 0.000000000000000000e+00 1.000000000000000000e+00 0.000000000000000000e+00
-9.093157445683481832e-01 4.161068092210346570e-01 0.000000000000000000e+00 -9.220126000000000488e+00 -4.161068092210346570e-01 -9.093157445683481832e-01 0.000000000000000000e+00 -2.990277499999999922e+00 0.000000000000000000e+00 0.000000000000000000e+00 1.000000000000000000e+00 0.000000000000000000e+00
-6.301975932739919406e-01 7.764347966388859268e-01 0.000000000000000000e+00 -9.108605000000000729e+00 -7.764347966388859268e-01 -6.301975932739919406e-01 0.000000000000000000e+00 -3.576130200000000148e+00 0.000000000000000000e+00 0.000000000000000000e+00 1.000000000000000000e+00 0.000000000000000000e+00
-7.372631347329405838e-01 6.756057061361736560e-01 0.000000000000000000e+00 -9.542096000000000799e+00 -6.756057061361736560e-01 -7.372631347329405838e-01 0.000000000000000000e+00 -3.750770999999999855e+00 0.000000000000000000e+00 0.000000000000000000e+00 1.000000000000000000e+00 0.000000000000000000e+00
-5.876046185231922347e-01 8.091482016850891634e-01 0.000000000000000000e+00 -9.549327999999999150e+00 -8.091482016850891634e-01 -5.876046185231922347e-01 0.000000000000000000e+00 -4.235765500000000294e+00 0.000000000000000000e+00 0.000000000000000000e+00 1.000000000000000000e+00 0.000000000000000000e+00
-6.708262671461684423e-01 7.416145355282199869e-01 0.000000000000000000e+00 -9.877019999999999911e+00 -7.416145355282199869e-01 -6.708262671461684423e-01 0.000000000000000000e+00 -4.332128499999999605e+00 0.000000000000000000e+00 0.000000000000000000e+00 1.000000000000000000e+00 0.000000000000000000e+00
-4.797393956986810704e-01 8.774110280904066084e-01 0.000000000000000000e+00 -9.587694000000000827e+00 -8.774110280904066084e-01 -4.797393956986810704e-01 0.000000000000000000e+00 -4.687445000000000306e+00 0.000000000000000000e+00 0.000000000000000000e+00 1.000000000000000000e+00 0.000000000000000000e+00
-3.252837422377867771e-01 9.456164587377807740e-01 0.000000000000000000e+00 -9.686633999999999745e+00 -9.456164587377807740e-01 -3.252837422377867771e-01 0.000000000000000000e+00 -4.709980999999999973e+00 0.000000000000000000e+00 0.000000000000000000e+00 1.000000000000000000e+00 0.000000000000000000e+00
-1.427358848828992437e-02 9.998981271467943799e-01 0.000000000000000000e+00 -9.461389000000000493e+00 -9.998981271467943799e-01 -1.427358848828992437e-02 0.000000000000000000e+00 -5.016987300000000261e+00 0.000000000000000000e+00 0.000000000000000000e+00 1.000000000000000000e+00 0.000000000000000000e+00
2.133400095900086363e-02 -9.997724043016397166e-01 0.000000000000000000e+00 -9.355057999999999652e+00 9.997724043016397166e-01 2.133400095900086363e-02 0.000000000000000000e+00 -5.285480999999999874e+00 0.000000000000000000e+00 0.000000000000000000e+00 1.000000000000000000e+00 0.000000000000000000e+00
-1.428110320250621512e-01 -9.897499730396240869e-01 0.000000000000000000e+00 -9.070418999999999343e+00 9.897499730396240869e-01 -1.428110320250621512e-01 0.000000000000000000e+00 -5.691946999999999868e+00 0.000000000000000000e+00 0.000000000000000000e+00 1.000000000000000000e+00 0.000000000000000000e+00
-8.538488763974458329e-02 -9.963480420830604922e-01 0.000000000000000000e+00 -8.961313000000000528e+00 9.963480420830604922e-01 -8.538488763974458329e-02 0.000000000000000000e+00 -5.841462599999999838e+00 0.000000000000000000e+00 0.000000000000000000e+00 1.000000000000000000e+00 0.000000000000000000e+00
-4.515719616031072525e-01 -8.922347020229161041e-01 0.000000000000000000e+00 -8.428350999999999260e+00 8.922347020229161041e-01 -4.515719616031072525e-01 0.000000000000000000e+00 -5.943673000000000428e+00 0.000000000000000000e+00 0.000000000000000000e+00 1.000000000000000000e+00 0.000000000000000000e+00
-5.374572907932895216e-01 -8.432909702902892102e-01 0.000000000000000000e+00 -8.172817000000000220e+00 8.432909702902892102e-01 -5.374572907932895216e-01 0.000000000000000000e+00 -6.186765000000000292e+00 0.000000000000000000e+00 0.000000000000000000e+00 1.000000000000000000e+00 0.000000000000000000e+00
-7.807924632623330918e-01 -6.247904683273730608e-01 0.000000000000000000e+00 -7.732518999999999920e+00 6.247904683273730608e-01 -7.807924632623330918e-01 0.000000000000000000e+00 -6.342422000000000004e+00 0.000000000000000000e+00 0.000000000000000000e+00 1.000000000000000000e+00 0.000000000000000000e+00
-8.670972701783776770e-01 -4.981388602078797301e-01 0.000000000000000000e+00 -7.359538999999999831e+00 4.981388602078797301e-01 -8.670972701783776770e-01 0.000000000000000000e+00 -6.362410500000000191e+00 0.000000000000000000e+00 0.000000000000000000e+00 1.000000000000000000e+00 0.000000000000000000e+00
-6.947783483477258937e-01 7.192239196990086736e-01 0.000000000000000000e+00 -6.125930999999999571e+00 -7.192239196990086736e-01 -6.947783483477258937e-01 0.000000000000000000e+00 -7.102325999999999695e+00 0.000000000000000000e+00 0.000000000000000000e+00 1.000000000000000000e+00 0.000000000000000000e+00
-6.246617762614885272e-02 9.980470813808226538e-01 0.000000000000000000e+00 -4.838764699999999586e+00 -9.980470813808226538e-01 -6.246617762614885272e-02 0.000000000000000000e+00 -7.686681700000000284e+00 0.000000000000000000e+00 0.000000000000000000e+00 1.000000000000000000e+00 0.000000000000000000e+00
4.314019800045958974e-01 9.021598149153586821e-01 0.000000000000000000e+00 -3.653338000000000196e+00 -9.021598149153586821e-01 4.314019800045958974e-01 0.000000000000000000e+00 -7.773552399999999807e+00 0.000000000000000000e+00 0.000000000000000000e+00 1.000000000000000000e+00 0.000000000000000000e+00
-4.687653988984942788e-01 -8.833227047888758676e-01 0.000000000000000000e+00 -3.801310500000000037e+00 8.833227047888758676e-01 -4.687653988984942788e-01 0.000000000000000000e+00 -7.817599300000000362e+00 0.000000000000000000e+00 0.000000000000000000e+00 1.000000000000000000e+00 0.000000000000000000e+00
6.491585047712189471e-01 7.606531638553771790e-01 0.000000000000000000e+00 -3.232276999999999845e+00 -7.606531638553771790e-01 6.491585047712189471e-01 0.000000000000000000e+00 -7.353100000000000414e+00 0.000000000000000000e+00 0.000000000000000000e+00 1.000000000000000000e+00 0.000000000000000000e+00
7.977062789863075265e-01 6.030461777225847309e-01 0.000000000000000000e+00 -2.961962699999999948e+00 -6.030461777225847309e-01 7.977062789863075265e-01 0.000000000000000000e+00 -7.010962499999999764e+00 0.000000000000000000e+00 0.000000000000000000e+00 1.000000000000000000e+00 0.000000000000000000e+00
8.604599156860349707e-01 5.095181385363837245e-01 0.000000000000000000e+00 -2.573548000000000169e+00 -5.095181385363837245e-01 8.604599156860349707e-01 0.000000000000000000e+00 -6.628206300000000439e+00 0.000000000000000000e+00 0.000000000000000000e+00 1.000000000000000000e+00 0.000000000000000000e+00
9.083046657592153128e-01 4.183092566033413395e-01 0.000000000000000000e+00 -2.256252299999999877e+00 -4.183092566033413395e-01 9.083046657592153128e-01 0.000000000000000000e+00 -6.206794300000000320e+00 0.000000000000000000e+00 0.000000000000000000e+00 1.000000000000000000e+00 0.000000000000000000e+00
9.226588511268867254e-01 3.856172252859219052e-01 0.000000000000000000e+00 -2.163391400000000075e+00 -3.856172252859219052e-01 9.226588511268867254e-01 0.000000000000000000e+00 -5.734445599999999921e+00 0.000000000000000000e+00 0.000000000000000000e+00 1.000000000000000000e+00 0.000000000000000000e+00
9.236228080123137785e-01 3.833026330713742436e-01 0.000000000000000000e+00 -2.086062200000000200e+00 -3.833026330713742436e-01 9.236228080123137785e-01 0.000000000000000000e+00 -5.364900600000000352e+00 0.000000000000000000e+00 0.000000000000000000e+00 1.000000000000000000e+00 0.000000000000000000e+00
9.481959645461558450e-01 3.176860286798670052e-01 0.000000000000000000e+00 -1.712449399999999899e+00 -3.176860286798670052e-01 9.481959645461558450e-01 0.000000000000000000e+00 -4.920500800000000119e+00 0.000000000000000000e+00 0.000000000000000000e+00 1.000000000000000000e+00 0.000000000000000000e+00
9.640617802882855969e-01 2.656781582806183595e-01 0.000000000000000000e+00 -1.641386000000000012e+00 -2.656781582806183595e-01 9.640617802882855969e-01 0.000000000000000000e+00 -4.456716499999999748e+00 0.000000000000000000e+00 0.000000000000000000e+00 1.000000000000000000e+00 0.000000000000000000e+00
9.452332974999261284e-01 3.263954860248778345e-01 0.000000000000000000e+00 -1.488053199999999965e+00 -3.263954860248778345e-01 9.452332974999261284e-01 0.000000000000000000e+00 -3.909510599999999947e+00 0.000000000000000000e+00 0.000000000000000000e+00 1.000000000000000000e+00 0.000000000000000000e+00
9.382227528082034418e-01 3.460318859772849587e-01 0.000000000000000000e+00 -1.292545400000000066e+00 -3.460318859772849587e-01 9.382227528082034418e-01 0.000000000000000000e+00 -3.519412299999999938e+00 0.000000000000000000e+00 0.000000000000000000e+00 1.000000000000000000e+00 0.000000000000000000e+00
8.763948897442289665e-01 4.815931864449503053e-01 0.000000000000000000e+00 -1.235808699999999982e+00 -4.815931864449503053e-01 8.763948897442289665e-01 0.000000000000000000e+00 -3.049578400000000133e+00 0.000000000000000000e+00 0.000000000000000000e+00 1.000000000000000000e+00 0.000000000000000000e+00
9.051896064119496765e-01 4.250079722120276293e-01 0.000000000000000000e+00 -1.001569699999999896e+00 -4.250079722120276293e-01 9.051896064119496765e-01 0.000000000000000000e+00 -2.657905299999999915e+00 0.000000000000000000e+00 0.000000000000000000e+00 1.000000000000000000e+00 0.000000000000000000e+00
8.626787925718417682e-01 5.057522128936157157e-01 0.000000000000000000e+00 -8.048587000000000380e-01 -5.057522128936157157e-01 8.626787925718417682e-01 0.000000000000000000e+00 -2.461169500000000010e+00 0.000000000000000000e+00 0.000000000000000000e+00 1.000000000000000000e+00 0.000000000000000000e+00
8.384237388029323057e-01 5.450189301406991316e-01 0.000000000000000000e+00 -7.219966700000000071e-01 -5.450189301406991316e-01 8.384237388029323057e-01 0.000000000000000000e+00 -2.059640200000000032e+00 0.000000000000000000e+00 0.000000000000000000e+00 1.000000000000000000e+00 0.000000000000000000e+00
7.955462653358107428e-01 6.058928450726611681e-01 0.000000000000000000e+00 -3.021170799999999823e-01 -6.058928450726611681e-01 7.955462653358107428e-01 0.000000000000000000e+00 -1.728087399999999940e+00 0.000000000000000000e+00 0.000000000000000000e+00 1.000000000000000000e+00 0.000000000000000000e+00
7.536258591037339194e-01 6.573036318857207183e-01 0.000000000000000000e+00 4.307030500000000317e-02 -6.573036318857207183e-01 7.536258591037339194e-01 0.000000000000000000e+00 -1.258602100000000057e+00 0.000000000000000000e+00 0.000000000000000000e+00 1.000000000000000000e+00 0.000000000000000000e+00
6.734116390137682151e-01 7.392677217630906350e-01 0.000000000000000000e+00 2.162815299999999996e-01 -7.392677217630906350e-01 6.734116390137682151e-01 0.000000000000000000e+00 -8.957110999999999823e-01 0.000000000000000000e+00 0.000000000000000000e+00 1.000000000000000000e+00 0.000000000000000000e+00
8.026751414411227303e-01 5.964164797458849643e-01 0.000000000000000000e+00 5.847438999999999831e-01 -5.964164797458849643e-01 8.026751414411227303e-01 0.000000000000000000e+00 -4.927040599999999992e-01 0.000000000000000000e+00 0.000000000000000000e+00 1.000000000000000000e+00 0.000000000000000000e+00
7.237516529859890912e-01 6.900605370545749295e-01 0.000000000000000000e+00 8.333546499999999746e-01 -6.900605370545749295e-01 7.237516529859890912e-01 0.000000000000000000e+00 -1.727958300000000114e-01 0.000000000000000000e+00 0.000000000000000000e+00 1.000000000000000000e+00 0.000000000000000000e+00
-7.932020438972973153e-01 6.089585515921013270e-01 0.000000000000000000e+00 7.026976999999999807e-01 -6.089585515921013270e-01 -7.932020438972973153e-01 0.000000000000000000e+00 -1.648858300000000110e-01 0.000000000000000000e+00 0.000000000000000000e+00 1.000000000000000000e+00 0.000000000000000000e+00
7.375979153980761760e-01 6.752401907472721510e-01 0.000000000000000000e+00 9.230654000000000359e-01 -6.752401907472721510e-01 7.375979153980761760e-01 0.000000000000000000e+00 1.987771100000000069e-01 0.000000000000000000e+00 0.000000000000000000e+00 1.000000000000000000e+00 0.000000000000000000e+00
8.014708364775079419e-01 5.980338604761805676e-01 0.000000000000000000e+00 1.198612599999999917e+00 -5.980338604761805676e-01 8.014708364775079419e-01 0.000000000000000000e+00 4.775504500000000152e-01 0.000000000000000000e+00 0.000000000000000000e+00 1.000000000000000000e+00 0.000000000000000000e+00
8.493519634998722978e-01 5.278269054329378651e-01 0.000000000000000000e+00 1.511745499999999964e+00 -5.278269054329378651e-01 8.493519634998722978e-01 0.000000000000000000e+00 9.014164000000000065e-01 0.000000000000000000e+00 0.000000000000000000e+00 1.000000000000000000e+00 0.000000000000000000e+00
9.253095327962783667e-01 3.792126956159735940e-01 0.000000000000000000e+00 1.672983899999999968e+00 -3.792126956159735940e-01 9.253095327962783667e-01 0.000000000000000000e+00 1.381081999999999921e+00 0.000000000000000000e+00 0.000000000000000000e+00 1.000000000000000000e+00 0.000000000000000000e+00
9.588253109721187606e-01 2.839965194139175697e-01 0.000000000000000000e+00 1.654400000000000093e+00 -2.839965194139175697e-01 9.588253109721187606e-01 0.000000000000000000e+00 1.884700199999999937e+00 0.000000000000000000e+00 0.000000000000000000e+00 1.000000000000000000e+00 0.000000000000000000e+00
9.602726598555209048e-01 2.790634672149026052e-01 0.000000000000000000e+00 1.830012299999999925e+00 -2.790634672149026052e-01 9.602726598555209048e-01 0.000000000000000000e+00 2.506317999999999824e+00 0.000000000000000000e+00 0.000000000000000000e+00 1.000000000000000000e+00 0.000000000000000000e+00
9.817336019076602360e-01 1.902607024201572183e-01 0.000000000000000000e+00 1.916168799999999894e+00 -1.902607024201572183e-01 9.817336019076602360e-01 0.000000000000000000e+00 3.037366399999999800e+00 0.000000000000000000e+00 0.000000000000000000e+00 1.000000000000000000e+00 0.000000000000000000e+00
9.999998051202790839e-01 -6.243071390312559610e-04 0.000000000000000000e+00 1.771085000000000020e+00 6.243071390312559610e-04 9.999998051202790839e-01 0.000000000000000000e+00 3.339748000000000161e+00 0.000000000000000000e+00 0.000000000000000000e+00 1.000000000000000000e+00 0.000000000000000000e+00
9.762666812710761866e-01 -2.165718519105357120e-01 0.000000000000000000e+00 1.583328199999999963e+00 2.165718519105357120e-01 9.762666812710761866e-01 0.000000000000000000e+00 3.767116300000000084e+00 0.000000000000000000e+00 0.000000000000000000e+00 1.000000000000000000e+00 0.000000000000000000e+00
-8.933686697127729559e-01 4.493244039395482559e-01 0.000000000000000000e+00 1.494220099999999940e+00 -4.493244039395482559e-01 -8.933686697127729559e-01 0.000000000000000000e+00 4.198780499999999805e+00 0.000000000000000000e+00 0.000000000000000000e+00 1.000000000000000000e+00 0.000000000000000000e+00
-8.284409935396886970e-01 5.600763521368971043e-01 0.000000000000000000e+00 1.024118700000000048e+00 -5.600763521368971043e-01 -8.284409935396886970e-01 0.000000000000000000e+00 4.678645600000000293e+00 0.000000000000000000e+00 0.000000000000000000e+00 1.000000000000000000e+00 0.000000000000000000e+00
-6.781683237519698926e-01 7.349066094813975214e-01 0.000000000000000000e+00 6.504264499999999893e-01 -7.349066094813975214e-01 -6.781683237519698926e-01 0.000000000000000000e+00 4.908643699999999832e+00 0.000000000000000000e+00 0.000000000000000000e+00 1.000000000000000000e+00 0.000000000000000000e+00
-5.495749370298462777e-01 8.354444257930269124e-01 0.000000000000000000e+00 3.528418199999999727e-01 -8.354444257930269124e-01 -5.495749370298462777e-01 0.000000000000000000e+00 5.306621999999999950e+00 0.000000000000000000e+00 0.000000000000000000e+00 1.000000000000000000e+00 0.000000000000000000e+00
-4.114928109032557901e-01 9.114130054892443100e-01 0.000000000000000000e+00 2.209397699999999902e-03 -9.114130054892443100e-01 -4.114928109032557901e-01 0.000000000000000000e+00 5.418002600000000335e+00 0.000000000000000000e+00 0.000000000000000000e+00 1.000000000000000000e+00 0.000000000000000000e+00
-1.703376986326434195e-01 9.853857460023128789e-01 0.000000000000000000e+00 -5.246753699999999743e-01 -9.853857460023128789e-01 -1.703376986326434195e-01 0.000000000000000000e+00 5.541822400000000037e+00 0.000000000000000000e+00 0.000000000000000000e+00 1.000000000000000000e+00 0.000000000000000000e+00
-1.723711233519398603e-02 9.998514299426409790e-01 0.000000000000000000e+00 -9.456594000000000388e-01 -9.998514299426409790e-01 -1.723711233519398603e-02 0.000000000000000000e+00 5.644702399999999898e+00 0.000000000000000000e+00 0.000000000000000000e+00 1.000000000000000000e+00 0.000000000000000000e+00
4.720446292522361142e-01 8.815746525360849128e-01 0.000000000000000000e+00 -1.532176699999999947e+00 -8.815746525360849128e-01 4.720446292522361142e-01 0.000000000000000000e+00 5.580995599999999612e+00 0.000000000000000000e+00 0.000000000000000000e+00 1.000000000000000000e+00 0.000000000000000000e+00
8.415213016595584072e-01 5.402239339877515922e-01 0.000000000000000000e+00 -2.336426299999999845e+00 -5.402239339877515922e-01 8.415213016595584072e-01 0.000000000000000000e+00 5.474272299999999980e+00 0.000000000000000000e+00 0.000000000000000000e+00 1.000000000000000000e+00 0.000000000000000000e+00
8.487759615111869493e-01 -5.287526521548238101e-01 0.000000000000000000e+00 -3.355642299999999967e+00 5.287526521548238101e-01 8.487759615111869493e-01 0.000000000000000000e+00 5.157804999999999751e+00 0.000000000000000000e+00 0.000000000000000000e+00 1.000000000000000000e+00 0.000000000000000000e+00
-7.903652609173027477e-01 -6.126359068281289622e-01 0.000000000000000000e+00 -4.856234599999999624e+00 6.126359068281289622e-01 -7.903652609173027477e-01 0.000000000000000000e+00 5.145732399999999984e+00 0.000000000000000000e+00 0.000000000000000000e+00 1.000000000000000000e+00 0.000000000000000000e+00
1.452711454382253353e-01 -9.893918810577869705e-01 0.000000000000000000e+00 -4.388117300000000220e+00 9.893918810577869705e-01 1.452711454382253353e-01 0.000000000000000000e+00 5.006400000000000183e+00 0.000000000000000000e+00 0.000000000000000000e+00 1.000000000000000000e+00 0.000000000000000000e+00
-4.474726666957976051e-01 -8.942976084951539395e-01 0.000000000000000000e+00 -4.690922699999999779e+00 8.942976084951539395e-01 -4.474726666957976051e-01 0.000000000000000000e+00 4.233245400000000380e+00 0.000000000000000000e+00 0.000000000000000000e+00 1.000000000000000000e+00 0.000000000000000000e+00
1.039787397666347146e-01 -9.945795200367552047e-01 0.000000000000000000e+00 -4.656052599999999764e+00 9.945795200367552047e-01 1.039787397666347146e-01 0.000000000000000000e+00 4.196132699999999716e+00 0.000000000000000000e+00 0.000000000000000000e+00 1.000000000000000000e+00 0.000000000000000000e+00
-3.864329701582291943e-01 -9.223174939112285253e-01 0.000000000000000000e+00 -5.264415999999999762e+00 9.223174939112285253e-01 -3.864329701582291943e-01 0.000000000000000000e+00 3.745851299999999995e+00 0.000000000000000000e+00 0.000000000000000000e+00 1.000000000000000000e+00 0.000000000000000000e+00
5.476131840009393903e-01 -8.367316180881139154e-01 0.000000000000000000e+00 -5.543123200000000139e+00 8.367316180881139154e-01 5.476131840009393903e-01 0.000000000000000000e+00 3.779590600000000133e+00 0.000000000000000000e+00 0.000000000000000000e+00 1.000000000000000000e+00 0.000000000000000000e+00
6.701367554188820685e-01 -7.422376499724689936e-01 0.000000000000000000e+00 -6.720222999999999836e+00 7.422376499724689936e-01 6.701367554188820685e-01 0.000000000000000000e+00 3.157654799999999984e+00 0.000000000000000000e+00 0.000000000000000000e+00 1.000000000000000000e+00 0.000000000000000000e+00
7.925107637754251755e-01 -6.098579255040409430e-01 0.000000000000000000e+00 -6.371815699999999971e+00 6.098579255040409430e-01 7.925107637754251755e-01 0.000000000000000000e+00 2.791880400000000151e+00 0.000000000000000000e+00 0.000000000000000000e+00 1.000000000000000000e+00 0.000000000000000000e+00
8.091464189039463406e-01 -5.876070734554846853e-01 0.000000000000000000e+00 -6.357470499999999802e+00 5.876070734554846853e-01 8.091464189039463406e-01 0.000000000000000000e+00 2.477911699999999939e+00 0.000000000000000000e+00 0.000000000000000000e+00 1.000000000000000000e+00 0.000000000000000000e+00
7.958736860494164400e-01 -6.054626956750637223e-01 0.000000000000000000e+00 -6.326833699999999894e+00 6.054626956750637223e-01 7.958736860494164400e-01 0.000000000000000000e+00 2.022660000000000124e+00 0.000000000000000000e+00 0.000000000000000000e+00 1.000000000000000000e+00 0.000000000000000000e+00
7.886926123858067905e-01 -6.147877383032711585e-01 0.000000000000000000e+00 -6.301391999999999882e+00 6.147877383032711585e-01 7.886926123858067905e-01 0.000000000000000000e+00 1.483668999999999905e+00 0.000000000000000000e+00 0.000000000000000000e+00 1.000000000000000000e+00 0.000000000000000000e+00
8.516219817869328246e-01 -5.241564653205158519e-01 0.000000000000000000e+00 -6.245760399999999990e+00 5.241564653205158519e-01 8.516219817869328246e-01 0.000000000000000000e+00 1.245618700000000079e+00 0.000000000000000000e+00 0.000000000000000000e+00 1.000000000000000000e+00 0.000000000000000000e+00
7.763228398865265056e-01 -6.303355045295468972e-01 0.000000000000000000e+00 -6.248829399999999978e+00 6.303355045295468972e-01 7.763228398865265056e-01 0.000000000000000000e+00 8.021589999999999554e-01 0.000000000000000000e+00 0.000000000000000000e+00 1.000000000000000000e+00 0.000000000000000000e+00
8.730024814661768717e-01 -4.877157649224571623e-01 0.000000000000000000e+00 -7.155874999999999986e+00 4.877157649224571623e-01 8.730024814661768717e-01 0.000000000000000000e+00 5.470424999999999871e-01 0.000000000000000000e+00 0.000000000000000000e+00 1.000000000000000000e+00 0.000000000000000000e+00
2.657864465741811011e-01 -9.640319314304220955e-01 0.000000000000000000e+00 -7.856335600000000419e+00 9.640319314304220955e-01 2.657864465741811011e-01 0.000000000000000000e+00 3.767694799999999899e-01 0.000000000000000000e+00 0.000000000000000000e+00 1.000000000000000000e+00 0.000000000000000000e+00
4.983455388087814075e-01 -8.669785025878008478e-01 0.000000000000000000e+00 -8.334267000000000536e+00 8.669785025878008478e-01 4.983455388087814075e-01 0.000000000000000000e+00 5.149099999999999788e-01 0.000000000000000000e+00 0.000000000000000000e+00 1.000000000000000000e+00 0.000000000000000000e+00
-6.550763806382405019e-02 -9.978520678714351000e-01 0.000000000000000000e+00 -8.630036000000000485e+00 9.978520678714351000e-01 -6.550763806382405019e-02 0.000000000000000000e+00 1.020050499999999999e-01 0.000000000000000000e+00 0.000000000000000000e+00 1.000000000000000000e+00 0.000000000000000000e+00
6.911115110462371369e-01 -7.227481437536776854e-01 0.000000000000000000e+00 -9.034544000000000352e+00 7.227481437536776854e-01 6.911115110462371369e-01 0.000000000000000000e+00 4.031761600000000056e-01 0.000000000000000000e+00 0.000000000000000000e+00 1.000000000000000000e+00 0.000000000000000000e+00
-2.136495467161265982e-02 -9.997717433053806557e-01 0.000000000000000000e+00 -9.247272000000000602e+00 9.997717433053806557e-01 -2.136495467161265982e-02 0.000000000000000000e+00 -3.671823000000000170e-01 0.000000000000000000e+00 0.000000000000000000e+00 1.000000000000000000e+00 0.000000000000000000e+00
4.193253209587403108e-01 -9.078360398237389495e-01 0.000000000000000000e+00 -9.602598999999999663e+00 9.078360398237389495e-01 4.193253209587403108e-01 0.000000000000000000e+00 -1.461387100000000050e-01 0.000000000000000000e+00 0.000000000000000000e+00 1.000000000000000000e+00 0.000000000000000000e+00
-1.453730132173326195e-01 -9.893769185846783554e-01 0.000000000000000000e+00 -9.904166999999999277e+00 9.893769185846783554e-01 -1.453730132173326195e-01 0.000000000000000000e+00 -6.602120400000000000e-01 0.000000000000000000e+00 0.000000000000000000e+00 1.000000000000000000e+00 0.000000000000000000e+00
4.224829512756225203e-01 -9.063708710464165597e-01 0.000000000000000000e+00 -1.023339799999999933e+01 9.063708710464165597e-01 4.224829512756225203e-01 0.000000000000000000e+00 -5.421420000000000128e-01 0.000000000000000000e+00 0.000000000000000000e+00 1.000000000000000000e+00 0.000000000000000000e+00
-2.792238169158466898e-01 -9.602260463385409173e-01 0.000000000000000000e+00 -1.008284800000000025e+01 9.602260463385409173e-01 -2.792238169158466898e-01 0.000000000000000000e+00 -1.191766899999999962e+00 0.000000000000000000e+00 0.000000000000000000e+00 1.000000000000000000e+00 0.000000000000000000e+00
3.570043177196680073e-02 -9.993625364057305838e-01 0.000000000000000000e+00 -1.046967300000000023e+01 9.993625364057305838e-01 3.570043177196680073e-02 0.000000000000000000e+00 -1.201988999999999974e+00 0.000000000000000000e+00 0.000000000000000000e+00 1.000000000000000000e+00 0.000000000000000000e+00
-8.163590111347731604e-01 -5.775447731033978016e-01 0.000000000000000000e+00 -1.013744450000000086e+01 5.775447731033978016e-01 -8.163590111347731604e-01 0.000000000000000000e+00 -2.033863499999999824e+00 0.000000000000000000e+00 0.000000000000000000e+00 1.000000000000000000e+00 0.000000000000000000e+00
-8.974946751656578403e-01 -4.410252918476333939e-01 0.000000000000000000e+00 -1.027519799999999961e+01 4.410252918476333939e-01 -8.974946751656578403e-01 0.000000000000000000e+00 -2.066164300000000065e+00 0.000000000000000000e+00 0.000000000000000000e+00 1.000000000000000000e+00 0.000000000000000000e+00
-7.635388859475601420e-01 6.457618521141975654e-01 0.000000000000000000e+00 -9.748317000000000121e+00 -6.457618521141975654e-01 -7.635388859475601420e-01 0.000000000000000000e+00 -2.619703499999999963e+00 0.000000000000000000e+00 0.000000000000000000e+00 1.000000000000000000e+00 0.000000000000000000e+00
-8.162682068624944609e-01 5.776731034637910822e-01 0.000000000000000000e+00 -9.899138000000000659e+00 -5.776731034637910822e-01 -8.162682068624944609e-01 0.000000000000000000e+00 -2.933590999999999838e+00 0.000000000000000000e+00 0.000000000000000000e+00 1.000000000000000000e+00 0.000000000000000000e+00
-3.845747259395415063e-01 9.230938631409736361e-01 0.000000000000000000e+00 -9.671411499999999606e+00 -9.230938631409736361e-01 -3.845747259395415063e-01 0.000000000000000000e+00 -3.517507000000000161e+00 0.000000000000000000e+00 0.000000000000000000e+00 1.000000000000000000e+00 0.000000000000000000e+00
-5.512327170032230717e-01 8.343515396433596187e-01 0.000000000000000000e+00 -9.709127999999999759e+00 -8.343515396433596187e-01 -5.512327170032230717e-01 0.000000000000000000e+00 -3.806429599999999969e+00 0.000000000000000000e+00 0.000000000000000000e+00 1.000000000000000000e+00 0.000000000000000000e+00
9.528524046176652107e-02 -9.954500102718083498e-01 0.000000000000000000e+00 -9.375282999999999589e+00 9.954500102718083498e-01 9.528524046176652107e-02 0.000000000000000000e+00 -4.122385999999999662e+00 0.000000000000000000e+00 0.000000000000000000e+00 1.000000000000000000e+00 0.000000000000000000e+00
4.100975519767236510e-01 -9.120416645431821401e-01 0.000000000000000000e+00 -9.302535000000000664e+00 9.120416645431821401e-01 4.100975519767236510e-01 0.000000000000000000e+00 -4.502790499999999696e+00 0.000000000000000000e+00 0.000000000000000000e+00 1.000000000000000000e+00 0.000000000000000000e+00
-2.013501961644903818e-02 -9.997972699427845056e-01 0.000000000000000000e+00 -8.807639999999999247e+00 9.997972699427845056e-01 -2.013501961644903818e-02 0.000000000000000000e+00 -4.698806300000000213e+00 0.000000000000000000e+00 0.000000000000000000e+00 1.000000000000000000e+00 0.000000000000000000e+00
5.714686911080574250e-02 -9.983657823417388943e-01 0.000000000000000000e+00 -8.822179000000000215e+00 9.983657823417388943e-01 5.714686911080574250e-02 0.000000000000000000e+00 -4.867511000000000365e+00 0.000000000000000000e+00 0.000000000000000000e+00 1.000000000000000000e+00 0.000000000000000000e+00
-4.718356355550054615e-01 -8.816865276391627759e-01 0.000000000000000000e+00 -8.236105000000000231e+00 8.816865276391627759e-01 -4.718356355550054615e-01 0.000000000000000000e+00 -5.060469999999999580e+00 0.000000000000000000e+00 0.000000000000000000e+00 1.000000000000000000e+00 0.000000000000000000e+00
-3.213223708028413728e-01 -9.469698696482593547e-01 0.000000000000000000e+00 -7.976192000000000171e+00 9.469698696482593547e-01 -3.213223708028413728e-01 0.000000000000000000e+00 -5.134182499999999649e+00 0.000000000000000000e+00 0.000000000000000000e+00 1.000000000000000000e+00 0.000000000000000000e+00
-7.004815184983365084e-01 -7.136705418064168693e-01 0.000000000000000000e+00 -7.702417399999999859e+00 7.136705418064168693e-01 -7.004815184983365084e-01 0.000000000000000000e+00 -5.265643599999999758e+00 0.000000000000000000e+00 0.000000000000000000e+00 1.000000000000000000e+00 0.000000000000000000e+00
7.730840922016423145e-01 -6.343035443577172972e-01 0.000000000000000000e+00 -8.552994999999999237e+00 6.343035443577172972e-01 7.730840922016423145e-01 0.000000000000000000e+00 -4.822344000000000186e+00 0.000000000000000000e+00 0.000000000000000000e+00 1.000000000000000000e+00 0.000000000000000000e+00
9.303642675336378787e-01 3.666365089521192444e-01 0.000000000000000000e+00 -8.857065999999999661e+00 -3.666365089521192444e-01 9.303642675336378787e-01 0.000000000000000000e+00 -4.068526699999999607e+00 0.000000000000000000e+00 0.000000000000000000e+00 1.000000000000000000e+00 0.000000000000000000e+00
-7.023854501979162057e-01 -7.117967963894404892e-01 0.000000000000000000e+00 -8.780404000000000764e+00 7.117967963894404892e-01 -7.023854501979162057e-01 0.000000000000000000e+00 -3.362805400000000056e+00 0.000000000000000000e+00 0.000000000000000000e+00 1.000000000000000000e+00 0.000000000000000000e+00
