1.000000000000000000e+00 -0.000000000000000000e+00 0.000000000000000000e+00 -8.000000000000000000e+00 0.000000000000000000e+00 1.000000000000000000e+00 0.000000000000000000e+00 5.000000000000000000e+00 0.000000000000000000e+00 0.000000000000000000e+00 1.000000000000000000e+00 0.000000000000000000e+00
1.000000000000000000e+00 -0.000000000000000000e+00 0.000000000000000000e+00 -8.000000000000000000e+00 0.000000000000000000e+00 1.000000000000000000e+00 0.000000000000000000e+00 4.550000011920928955e+00 0.000000000000000000e+00 0.000000000000000000e+00 1.000000000000000000e+00 0.000000000000000000e+00
1.000000000000000000e+00 -0.000000000000000000e+00 0.000000000000000000e+00 -8.000000000000000000e+00 0.000000000000000000e+00 1.000000000000000000e+00 0.000000000000000000e+00 4.100000023841857910e+00 0.000000000000000000e+00 0.000000000000000000e+00 1.000000000000000000e+00 0.000000000000000000e+00
1.000000000000000000e+00 -0.000000000000000000e+00 0.000000000000000000e+00 -8.000000000000000000e+00 0.000000000000000000e+00 1.000000000000000000e+00 0.000000000000000000e+00 3.650000035762786865e+00 0.000000000000000000e+00 0.000000000000000000e+00 1.000000000000000000e+00 0.000000000000000000e+00
1.000000000000000000e+00 -0.000000000000000000e+00 0.000000000000000000e+00 -8.000000000000000000e+00 0.000000000000000000e+00 1.000000000000000000e+00 0.000000000000000000e+00 3.200000047683715820e+00 0.000000000000000000e+00 0.000000000000000000e+00 1.000000000000000000e+00 0.000000000000000000e+00
9.952141819071763651e-01 -9.771761423013586301e-02 0.000000000000000000e+00 -7.959984280169010162e+00 9.771761423013586301e-02 9.952141819071763651e-01 0.000000000000000000e+00 2.573594808578491211e+00 0.000000000000000000e+00 0.000000000000000000e+00 1.000000000000000000e+00 0.000000000000000000e+00
9.999999893406819051e-01 -1.460090274391306973e-04 0.000000000000000000e+00 -7.708251853876890713e+00 1.460090274391306973e-04 9.999999893406819051e-01 0.000000000000000000e+00 1.920980896679520322e+00 0.000000000000000000e+00 0.000000000000000000e+00 1.000000000000000000e+00 0.000000000000000000e+00
9.999482262173262637e-01 1.017570070426590187e-02 0.000000000000000000e+00 -7.723307997877346232e+00 -1.017570070426590187e-02 9.999482262173262637e-01 0.000000000000000000e+00 1.375969854360404421e+00 0.000000000000000000e+00 0.000000000000000000e+00 1.000000000000000000e+00 0.000000000000000000e+00
9.908674544606184131e-01 -1.348394886178909124e-01 0.000000000000000000e+00 -7.713901264191380669e+00 1.348394886178909124e-01 9.908674544606184131e-01 0.000000000000000000e+00 8.847888642304805318e-01 0.000000000000000000e+00 0.000000000000000000e+00 1.000000000000000000e+00 0.000000000000000000e+00
9.839084739335757224e-01 -1.786732070616691148e-01 0.000000000000000000e+00 -7.630905316567058172e+00 1.786732070616691148e-01 9.839084739335757224e-01 0.000000000000000000e+00 3.651303961662418773e-01 0.000000000000000000e+00 0.000000000000000000e+00 1.000000000000000000e+00 0.000000000000000000e+00
9.873667893181036215e-01 -1.584513280211297948e-01 0.000000000000000000e+00 -7.397536798252754231e+00 1.584513280211297948e-01 9.873667893181036215e-01 0.000000000000000000e+00 -8.376373696842985550e-02 0.000000000000000000e+00 0.000000000000000000e+00 1.000000000000000000e+00 0.000000000000000000e+00
9.953785559416354900e-01 9.602879969855150633e-02 0.000000000000000000e+00 -7.405603679772409187e+00 -9.602879969855150633e-02 9.953785559416354900e-01 0.000000000000000000e+00 -5.725233092103537702e-01 0.000000000000000000e+00 0.000000000000000000e+00 1.000000000000000000e+00 0.000000000000000000e+00
9.855181166392446013e-01 1.695701677059863188e-01 0.000000000000000000e+00 -7.369049135610125312e+00 -1.695701677059863188e-01 9.855181166392446013e-01 0.000000000000000000e+00 -1.093804515637281094e+00 0.000000000000000000e+00 0.000000000000000000e+00 1.000000000000000000e+00 0.000000000000000000e+00
9.862837243170611279e-01 1.650588232942045430e-01 0.000000000000000000e+00 -7.627174357360008372e+00 -1.650588232942045430e-01 9.862837243170611279e-01 0.000000000000000000e+00 -1.736314420661417834e+00 0.000000000000000000e+00 0.000000000000000000e+00 1.000000000000000000e+00 0.000000000000000000e+00
9.998217446357681171e-01 1.888065024009764545e-02 0.000000000000000000e+00 -7.547185678585581314e+00 -1.888065024009764545e-02 9.998217446357681171e-01 0.000000000000000000e+00 -2.186980342100667496e+00 0.000000000000000000e+00 0.000000000000000000e+00 1.000000000000000000e+00 0.000000000000000000e+00
9.942102200943049306e-01 1.074524930377782905e-01 0.000000000000000000e+00 -7.518165010575827978e+00 -1.074524930377782905e-01 9.942102200943049306e-01 0.000000000000000000e+00 -2.653106112532316541e+00 0.000000000000000000e+00 0.000000000000000000e+00 1.000000000000000000e+00 0.000000000000000000e+00
9.957686453685550276e-01 9.189561959567478511e-02 0.000000000000000000e+00 -7.579824262187985440e+00 -9.189561959567478511e-02 9.957686453685550276e-01 0.000000000000000000e+00 -2.899829488718830284e+00 0.000000000000000000e+00 0.000000000000000000e+00 1.000000000000000000e+00 0.000000000000000000e+00
9.914633285692955322e-01 1.303858431820462682e-01 0.000000000000000000e+00 -7.512753906769925827e+00 -1.303858431820462682e-01 9.914633285692955322e-01 0.000000000000000000e+00 -3.481483184938153119e+00 0.000000000000000000e+00 0.000000000000000000e+00 1.000000000000000000e+00 0.000000000000000000e+00
9.630310671494302088e-01 2.693903556273491984e-01 0.000000000000000000e+00 -7.671446121259297257e+00 -2.693903556273491984e-01 9.630310671494302088e-01 0.000000000000000000e+00 -3.883997836213725297e+00 0.000000000000000000e+00 0.000000000000000000e+00 1.000000000000000000e+00 0.000000000000000000e+00
9.480570277803801460e-01 3.181004119397386476e-01 0.000000000000000000e+00 -7.558840780354271871e+00 -3.181004119397386476e-01 9.480570277803801460e-01 0.000000000000000000e+00 -4.205594712501481425e+00 0.000000000000000000e+00 0.000000000000000000e+00 1.000000000000000000e+00 0.000000000000000000e+00
9.699001008496656029e-01 2.435031711740289484e-01 0.000000000000000000e+00 -7.663677759046921167e+00 -2.435031711740289484e-01 9.699001008496656029e-01 0.000000000000000000e+00 -4.124211301822619191e+00 0.000000000000000000e+00 0.000000000000000000e+00 1.000000000000000000e+00 0.000000000000000000e+00
9.682035673462102698e-01 2.501636507929807518e-01 0.000000000000000000e+00 -7.712140342105074708e+00 -2.501636507929807518e-01 9.682035673462102698e-01 0.000000000000000000e+00 -4.369902467198439666e+00 0.000000000000000000e+00 0.000000000000000000e+00 1.000000000000000000e+00 0.000000000000000000e+00
9.789457083584329755e-01 2.041207977806420992e-01 0.000000000000000000e+00 -7.807358895646270724e+00 -2.041207977806420992e-01 9.789457083584329755e-01 0.000000000000000000e+00 -4.805901050115005901e+00 0.000000000000000000e+00 0.000000000000000000e+00 1.000000000000000000e+00 0.000000000000000000e+00
9.994366877872552513e-01 3.356049917448402503e-02 0.000000000000000000e+00 -7.781453897738104253e+00 -3.356049917448402503e-02 9.994366877872552513e-01 0.000000000000000000e+00 -5.224448149970086774e+00 0.000000000000000000e+00 0.000000000000000000e+00 1.000000000000000000e+00 0.000000000000000000e+00
9.954427620955798028e-01 -9.536093220770716639e-02 0.000000000000000000e+00 -7.791611229969472419e+00 9.536093220770716639e-02 9.954427620955798028e-01 0.000000000000000000e+00 -5.661866214545696607e+00 0.000000000000000000e+00 0.000000000000000000e+00 1.000000000000000000e+00 0.000000000000000000e+00
9.839262254580656286e-01 -1.785754262373291101e-01 0.000000000000000000e+00 -7.727327276163120651e+00 1.785754262373291101e-01 9.839262254580656286e-01 0.000000000000000000e+00 -5.997283930595306956e+00 0.000000000000000000e+00 0.000000000000000000e+00 1.000000000000000000e+00 0.000000000000000000e+00
9.539348062865289357e-01 -3.000139752662906445e-01 0.000000000000000000e+00 -7.601101250980622837e+00 3.000139752662906445e-01 9.539348062865289357e-01 0.000000000000000000e+00 -6.212845041568122895e+00 0.000000000000000000e+00 0.000000000000000000e+00 1.000000000000000000e+00 0.000000000000000000e+00
9.289149983986064729e-01 -3.702930268721204565e-01 0.000000000000000000e+00 -7.418847824179425565e+00 3.702930268721204565e-01 9.289149983986064729e-01 0.000000000000000000e+00 -6.411566105045256592e+00 0.000000000000000000e+00 0.000000000000000000e+00 1.000000000000000000e+00 0.000000000000000000e+00
8.485435347722550814e-01 -5.291255707260865693e-01 0.000000000000000000e+00 -7.135260906229575539e+00 5.291255707260865693e-01 8.485435347722550814e-01 0.000000000000000000e+00 -6.742543236876092472e+00 0.000000000000000000e+00 0.000000000000000000e+00 1.000000000000000000e+00 0.000000000000000000e+00
7.226617134677203458e-01 -6.912018864904077020e-01 0.000000000000000000e+00 -6.906590633677360813e+00 6.912018864904077020e-01 7.226617134677203458e-01 0.000000000000000000e+00 -7.214186847828340632e+00 0.000000000000000000e+00 0.000000000000000000e+00 1.000000000000000000e+00 0.000000000000000000e+00
-6.443579295038606158e-01 7.647240408706252879e-01 0.000000000000000000e+00 -6.686238936483079875e+00 -7.647240408706252879e-01 -6.443579295038606158e-01 0.000000000000000000e+00 -7.472228507952959120e+00 0.000000000000000000e+00 0.000000000000000000e+00 1.000000000000000000e+00 0.000000000000000000e+00
-6.062616612757488754e-01 7.952652375573631138e-01 0.000000000000000000e+00 -6.310796296242963344e+00 -7.952652375573631138e-01 -6.062616612757488754e-01 0.000000000000000000e+00 -7.707052312938960092e+00 0.000000000000000000e+00 0.000000000000000000e+00 1.000000000000000000e+00 0.000000000000000000e+00
-5.968976324213901563e-01 8.023174037809095438e-01 0.000000000000000000e+00 -6.045581347163786035e+00 -8.023174037809095438e-01 -5.968976324213901563e-01 0.000000000000000000e+00 -7.882333873710356542e+00 0.000000000000000000e+00 0.000000000000000000e+00 1.000000000000000000e+00 0.000000000000000000e+00
-3.489063115255095493e-01 9.371576098915614939e-01 0.000000000000000000e+00 -5.910830002537164951e+00 -9.371576098915614939e-01 -3.489063115255095493e-01 0.000000000000000000e+00 -8.134180722763598936e+00 0.000000000000000000e+00 0.000000000000000000e+00 1.000000000000000000e+00 0.000000000000000000e+00
-8.550712459564141499e-02 9.963375590849646857e-01 0.000000000000000000e+00 -5.451225281953909985e+00 -9.963375590849646857e-01 -8.550712459564141499e-02 0.000000000000000000e+00 -8.118519700178804754e+00 0.000000000000000000e+00 0.000000000000000000e+00 1.000000000000000000e+00 0.000000000000000000e+00
1.003934051503038855e-01 9.949478198389737349e-01 0.000000000000000000e+00 -5.009923142453089895e+00 -9.949478198389737349e-01 1.003934051503038855e-01 0.000000000000000000e+00 -8.210876367343994175e+00 0.000000000000000000e+00 0.000000000000000000e+00 1.000000000000000000e+00 0.000000000000000000e+00
3.302487595066755932e-01 9.438939330477243983e-01 0.000000000000000000e+00 -4.705130957927614155e+00 -9.438939330477243983e-01 3.302487595066755932e-01 0.000000000000000000e+00 -8.147633802557896487e+00 0.000000000000000000e+00 0.000000000000000000e+00 1.000000000000000000e+00 0.000000000000000000e+00
4.921913094684750023e-01 8.704870561264583806e-01 0.000000000000000000e+00 -4.285172504810775607e+00 -8.704870561264583806e-01 4.921913094684750023e-01 0.000000000000000000e+00 -8.117901355160849874e+00 0.000000000000000000e+00 0.000000000000000000e+00 1.000000000000000000e+00 0.000000000000000000e+00
5.185689089172281774e-01 8.550358394268602336e-01 0.000000000000000000e+00 -3.906408502787111825e+00 -8.550358394268602336e-01 5.185689089172281774e-01 0.000000000000000000e+00 -8.042001493953980784e+00 0.000000000000000000e+00 0.000000000000000000e+00 1.000000000000000000e+00 0.000000000000000000e+00
5.590263179687250394e-01 8.291499115469589398e-01 0.000000000000000000e+00 -3.434523342725803730e+00 -8.291499115469589398e-01 5.590263179687250394e-01 0.000000000000000000e+00 -7.789701112347080070e+00 0.000000000000000000e+00 0.000000000000000000e+00 1.000000000000000000e+00 0.000000000000000000e+00
-5.655822190029110574e-01 -8.246919143217926740e-01 0.000000000000000000e+00 -3.618801066016149370e+00 8.246919143217926740e-01 -5.655822190029110574e-01 0.000000000000000000e+00 -7.864059437774395533e+00 0.000000000000000000e+00 0.000000000000000000e+00 1.000000000000000000e+00 0.000000000000000000e+00
7.088700169116475269e-01 7.053391376661871659e-01 0.000000000000000000e+00 -3.131606940763938862e+00 -7.053391376661871659e-01 7.088700169116475269e-01 0.000000000000000000e+00 -7.350413296096191651e+00 0.000000000000000000e+00 0.000000000000000000e+00 1.000000000000000000e+00 0.000000000000000000e+00
8.298849084028593337e-01 5.579346187549019120e-01 0.000000000000000000e+00 -2.903893943668456767e+00 -5.579346187549019120e-01 8.298849084028593337e-01 0.000000000000000000e+00 -6.999459452966794615e+00 0.000000000000000000e+00 0.000000000000000000e+00 1.000000000000000000e+00 0.000000000000000000e+00
8.789359362299749012e-01 4.769398494606394978e-01 0.000000000000000000e+00 -2.543379157288644166e+00 -4.769398494606394978e-01 8.789359362299749012e-01 0.000000000000000000e+00 -6.607047624215752535e+00 0.000000000000000000e+00 0.000000000000000000e+00 1.000000000000000000e+00 0.000000000000000000e+00
9.191224544735128177e-01 3.939719706813993860e-01 0.000000000000000000e+00 -2.243542533292558705e+00 -3.939719706813993860e-01 9.191224544735128177e-01 0.000000000000000000e+00 -6.183243143510206430e+00 0.000000000000000000e+00 0.000000000000000000e+00 1.000000000000000000e+00 0.000000000000000000e+00
9.304617297405801679e-01 3.663890957550014482e-01 0.000000000000000000e+00 -2.162435050905888279e+00 -3.663890957550014482e-01 9.304617297405801679e-01 0.000000000000000000e+00 -5.714966707998528683e+00 0.000000000000000000e+00 0.000000000000000000e+00 1.000000000000000000e+00 0.000000000000000000e+00
9.248753225350642149e-01 3.802704797452215457e-01 0.000000000000000000e+00 -2.092464722175039871e+00 -3.802704797452215457e-01 9.248753225350642149e-01 0.000000000000000000e+00 -5.347702778537365198e+00 0.000000000000000000e+00 0.000000000000000000e+00 1.000000000000000000e+00 0.000000000000000000e+00
9.483321125830648235e-01 3.172793788504718049e-01 0.000000000000000000e+00 -1.714748024863454123e+00 -3.172793788504718049e-01 9.483321125830648235e-01 0.000000000000000000e+00 -4.915340853897931517e+00 0.000000000000000000e+00 0.000000000000000000e+00 1.000000000000000000e+00 0.000000000000000000e+00
9.640545944691201186e-01 2.657042319628730720e-01 0.000000000000000000e+00 -1.642049875197861164e+00 -2.657042319628730720e-01 9.640545944691201186e-01 0.000000000000000000e+00 -4.455387860384782961e+00 0.000000000000000000e+00 0.000000000000000000e+00 1.000000000000000000e+00 0.000000000000000000e+00
9.452230950330242631e-01 3.264250306214130370e-01 0.000000000000000000e+00 -1.488211822830353359e+00 -3.264250306214130370e-01 9.452230950330242631e-01 0.000000000000000000e+00 -3.909196991631682216e+00 0.000000000000000000e+00 0.000000000000000000e+00 1.000000000000000000e+00 0.000000000000000000e+00
9.382191430917201647e-01 3.460416731207939245e-01 0.000000000000000000e+00 -1.292579082506065902e+00 -3.460416731207939245e-01 9.382191430917201647e-01 0.000000000000000000e+00 -3.519344834944558187e+00 0.000000000000000000e+00 0.000000000000000000e+00 1.000000000000000000e+00 0.000000000000000000e+00
8.763934996550998280e-01 4.815957160962777706e-01 0.000000000000000000e+00 -1.235814849788752223e+00 -4.815957160962777706e-01 8.763934996550998280e-01 0.000000000000000000e+00 -3.049564887642504996e+00 0.000000000000000000e+00 0.000000000000000000e+00 1.000000000000000000e+00 0.000000000000000000e+00
9.051892917955640661e-01 4.250086422870072433e-01 0.000000000000000000e+00 -1.001570752781469009e+00 -4.250086422870072433e-01 9.051892917955640661e-01 0.000000000000000000e+00 -2.657903067610809966e+00 0.000000000000000000e+00 0.000000000000000000e+00 1.000000000000000000e+00 0.000000000000000000e+00
8.626788095627654362e-01 5.057521839116166928e-01 0.000000000000000000e+00 -8.048588738490327632e-01 -5.057521839116166928e-01 8.626788095627654362e-01 0.000000000000000000e+00 -2.461169330879911410e+00 0.000000000000000000e+00 0.000000000000000000e+00 1.000000000000000000e+00 0.000000000000000000e+00
8.384235069288097364e-01 5.450192868414805991e-01 0.000000000000000000e+00 -7.219966709859471088e-01 -5.450192868414805991e-01 8.384235069288097364e-01 0.000000000000000000e+00 -2.059640258191381523e+00 0.000000000000000000e+00 0.000000000000000000e+00 1.000000000000000000e+00 0.000000000000000000e+00
7.955463213515714394e-01 6.058927715231320343e-01 0.000000000000000000e+00 -3.021170652365685050e-01 -6.058927715231320343e-01 7.955463213515714394e-01 0.000000000000000000e+00 -1.728087468702227181e+00 0.000000000000000000e+00 0.000000000000000000e+00 1.000000000000000000e+00 0.000000000000000000e+00
7.536257686942826606e-01 6.573037355438896556e-01 0.000000000000000000e+00 4.307028774193888410e-02 -6.573037355438896556e-01 7.536257686942826606e-01 0.000000000000000000e+00 -1.258602116908283941e+00 0.000000000000000000e+00 0.000000000000000000e+00 1.000000000000000000e+00 0.000000000000000000e+00
6.734116344626002171e-01 7.392677259088274999e-01 0.000000000000000000e+00 2.162815330557615878e-01 -7.392677259088274999e-01 6.734116344626002171e-01 0.000000000000000000e+00 -8.957111225858188641e-01 0.000000000000000000e+00 0.000000000000000000e+00 1.000000000000000000e+00 0.000000000000000000e+00
8.026751969029962686e-01 5.964164051036290326e-01 0.000000000000000000e+00 5.847439272970218482e-01 -5.964164051036290326e-01 8.026751969029962686e-01 0.000000000000000000e+00 -4.927040677459763596e-01 0.000000000000000000e+00 0.000000000000000000e+00 1.000000000000000000e+00 0.000000000000000000e+00
7.237516819437466165e-01 6.900605066829993417e-01 0.000000000000000000e+00 8.333546291314053445e-01 -6.900605066829993417e-01 7.237516819437466165e-01 0.000000000000000000e+00 -1.727958320898903277e-01 0.000000000000000000e+00 0.000000000000000000e+00 1.000000000000000000e+00 0.000000000000000000e+00
-7.932023167033438460e-01 6.089581962470398402e-01 0.000000000000000000e+00 7.026977217307719403e-01 -6.089581962470398402e-01 -7.932023167033438460e-01 0.000000000000000000e+00 -1.648858341601407707e-01 0.000000000000000000e+00 0.000000000000000000e+00 1.000000000000000000e+00 0.000000000000000000e+00
7.375978549561444941e-01 6.752402567709470116e-01 0.000000000000000000e+00 9.230653961292666354e-01 -6.752402567709470116e-01 7.375978549561444941e-01 0.000000000000000000e+00 1.987771068630611870e-01 0.000000000000000000e+00 0.000000000000000000e+00 1.000000000000000000e+00 0.000000000000000000e+00
8.014706784323401001e-01 5.980340722845183254e-01 0.000000000000000000e+00 1.198612624832658957e+00 -5.980340722845183254e-01 8.014706784323401001e-01 0.000000000000000000e+00 4.775504360114277702e-01 0.000000000000000000e+00 0.000000000000000000e+00 1.000000000000000000e+00 0.000000000000000000e+00
8.493519894890356747e-01 5.278268636125079682e-01 0.000000000000000000e+00 1.511745451886691294e+00 -5.278268636125079682e-01 8.493519894890356747e-01 0.000000000000000000e+00 9.014164491905383159e-01 0.000000000000000000e+00 0.000000000000000000e+00 1.000000000000000000e+00 0.000000000000000000e+00
9.253096277670933567e-01 3.792124638794499014e-01 0.000000000000000000e+00 1.672983875881274729e+00 -3.792124638794499014e-01 9.253096277670933567e-01 0.000000000000000000e+00 1.381082097844733125e+00 0.000000000000000000e+00 0.000000000000000000e+00 1.000000000000000000e+00 0.000000000000000000e+00
9.588252513471806626e-01 2.839967207187714671e-01 0.000000000000000000e+00 1.654399942509436450e+00 -2.839967207187714671e-01 9.588252513471806626e-01 0.000000000000000000e+00 1.884700122251366405e+00 0.000000000000000000e+00 0.000000000000000000e+00 1.000000000000000000e+00 0.000000000000000000e+00
9.602726616361598744e-01 2.790634610876264743e-01 0.000000000000000000e+00 1.830012330896077177e+00 -2.790634610876264743e-01 9.602726616361598744e-01 0.000000000000000000e+00 2.506317995490699779e+00 0.000000000000000000e+00 0.000000000000000000e+00 1.000000000000000000e+00 0.000000000000000000e+00
9.817335430462380552e-01 1.902610061412487730e-01 0.000000000000000000e+00 1.916168798548687491e+00 -1.902610061412487730e-01 9.817335430462380552e-01 0.000000000000000000e+00 3.037366327250605291e+00 0.000000000000000000e+00 0.000000000000000000e+00 1.000000000000000000e+00 0.000000000000000000e+00
9.999998052719849539e-01 -6.240640930037806957e-04 0.000000000000000000e+00 1.771085390822059180e+00 6.240640930037806957e-04 9.999998052719849539e-01 0.000000000000000000e+00 3.339747989632895209e+00 0.000000000000000000e+00 0.000000000000000000e+00 1.000000000000000000e+00 0.000000000000000000e+00
9.762673093783554856e-01 -2.165690204972687827e-01 0.000000000000000000e+00 1.583330302472273576e+00 2.165690204972687827e-01 9.762673093783554856e-01 0.000000000000000000e+00 3.767115145752535810e+00 0.000000000000000000e+00 0.000000000000000000e+00 1.000000000000000000e+00 0.000000000000000000e+00
-8.933743982907552672e-01 4.493130139208421636e-01 0.000000000000000000e+00 1.494231839432568876e+00 -4.493130139208421636e-01 -8.933743982907552672e-01 0.000000000000000000e+00 4.198774214200544641e+00 0.000000000000000000e+00 0.000000000000000000e+00 1.000000000000000000e+00 0.000000000000000000e+00
-8.284706470667644318e-01 5.600324874047724055e-01 0.000000000000000000e+00 1.024180828989198044e+00 -5.600324874047724055e-01 -8.284706470667644318e-01 0.000000000000000000e+00 4.678617322458134886e+00 0.000000000000000000e+00 0.000000000000000000e+00 1.000000000000000000e+00 0.000000000000000000e+00
-6.783377651552341403e-01 7.347502135856800454e-01 0.000000000000000000e+00 6.507226992713702751e-01 -7.347502135856800454e-01 -6.783377651552341403e-01 0.000000000000000000e+00 4.908522117206988611e+00 0.000000000000000000e+00 0.000000000000000000e+00 1.000000000000000000e+00 0.000000000000000000e+00
-5.501831792809505073e-01 8.350439923957931887e-01 0.000000000000000000e+00 3.542211874556109308e-01 -8.350439923957931887e-01 -5.501831792809505073e-01 0.000000000000000000e+00 5.306133142607759368e+00 0.000000000000000000e+00 0.000000000000000000e+00 1.000000000000000000e+00 0.000000000000000000e+00
-4.141890398060160683e-01 9.101908806973241228e-01 0.000000000000000000e+00 7.874779150046529175e-03 -9.101908806973241228e-01 -4.141890398060160683e-01 0.000000000000000000e+00 5.416166287783142685e+00 0.000000000000000000e+00 0.000000000000000000e+00 1.000000000000000000e+00 0.000000000000000000e+00
-1.820509561699725221e-01 9.832890975484264162e-01 0.000000000000000000e+00 -5.028989596439402687e-01 -9.832890975484264162e-01 -1.820509561699725221e-01 0.000000000000000000e+00 5.536092862766117229e+00 0.000000000000000000e+00 0.000000000000000000e+00 1.000000000000000000e+00 0.000000000000000000e+00
-5.869609674202215521e-02 9.982758978495129831e-01 0.000000000000000000e+00 -8.691878832782937714e-01 -9.982758978495129831e-01 -5.869609674202215521e-02 0.000000000000000000e+00 5.628078916260429665e+00 0.000000000000000000e+00 0.000000000000000000e+00 1.000000000000000000e+00 0.000000000000000000e+00
3.264525150841745549e-01 9.452136030523560217e-01 0.000000000000000000e+00 -1.296688547339449382e+00 -9.452136030523560217e-01 3.264525150841745549e-01 0.000000000000000000e+00 5.544433158512348747e+00 0.000000000000000000e+00 0.000000000000000000e+00 1.000000000000000000e+00 0.000000000000000000e+00
4.468998263223074585e-01 8.945840068060078032e-01 0.000000000000000000e+00 -1.701178924246656843e+00 -8.945840068060078032e-01 4.468998263223074585e-01 0.000000000000000000e+00 5.431092225207081015e+00 0.000000000000000000e+00 0.000000000000000000e+00 1.000000000000000000e+00 0.000000000000000000e+00
4.569507747028902500e-01 8.894919839427607444e-01 0.000000000000000000e+00 -1.985508939952620455e+00 -8.894919839427607444e-01 4.569507747028902500e-01 0.000000000000000000e+00 5.156222378286890340e+00 0.000000000000000000e+00 0.000000000000000000e+00 1.000000000000000000e+00 0.000000000000000000e+00
5.484050627261016775e-01 8.362128240922764855e-01 0.000000000000000000e+00 -1.983984465138263431e+00 -8.362128240922764855e-01 5.484050627261016775e-01 0.000000000000000000e+00 5.139410485055520006e+00 0.000000000000000000e+00 0.000000000000000000e+00 1.000000000000000000e+00 0.000000000000000000e+00
4.241740438421163217e-01 9.055806869244873436e-01 0.000000000000000000e+00 -2.407000919798873984e+00 -9.055806869244873436e-01 4.241740438421163217e-01 0.000000000000000000e+00 4.890440144442917969e+00 0.000000000000000000e+00 0.000000000000000000e+00 1.000000000000000000e+00 0.000000000000000000e+00
4.614727979116381995e-01 8.871543590534876067e-01 0.000000000000000000e+00 -2.883422956519677172e+00 -8.871543590534876067e-01 4.614727979116381995e-01 0.000000000000000000e+00 4.727230266376503565e+00 0.000000000000000000e+00 0.000000000000000000e+00 1.000000000000000000e+00 0.000000000000000000e+00
5.884197806831902300e-01 8.085556021083190048e-01 0.000000000000000000e+00 -3.232736456486525078e+00 -8.085556021083190048e-01 5.884197806831902300e-01 0.000000000000000000e+00 4.457470576102689819e+00 0.000000000000000000e+00 0.000000000000000000e+00 1.000000000000000000e+00 0.000000000000000000e+00
6.417622039873194240e-01 7.669036924760098684e-01 0.000000000000000000e+00 -3.484990321014557857e+00 -7.669036924760098684e-01 6.417622039873194240e-01 0.000000000000000000e+00 4.221176328156329483e+00 0.000000000000000000e+00 0.000000000000000000e+00 1.000000000000000000e+00 0.000000000000000000e+00
6.315151856550758058e-01 7.753635084829793023e-01 0.000000000000000000e+00 -3.883397477412966481e+00 -7.753635084829793023e-01 6.315151856550758058e-01 0.000000000000000000e+00 3.939582334416227738e+00 0.000000000000000000e+00 0.000000000000000000e+00 1.000000000000000000e+00 0.000000000000000000e+00
4.933226478479755817e-01 8.698464031771714344e-01 0.000000000000000000e+00 -4.306272444749129846e+00 -8.698464031771714344e-01 4.933226478479755817e-01 0.000000000000000000e+00 3.635014651183419154e+00 0.000000000000000000e+00 0.000000000000000000e+00 1.000000000000000000e+00 0.000000000000000000e+00
4.210195190845755775e-01 9.070515776678813591e-01 0.000000000000000000e+00 -4.831663066113440763e+00 -9.070515776678813591e-01 4.210195190845755775e-01 0.000000000000000000e+00 3.212929847505825887e+00 0.000000000000000000e+00 0.000000000000000000e+00 1.000000000000000000e+00 0.000000000000000000e+00
3.681237185338918083e-01 9.297768161514783358e-01 0.000000000000000000e+00 -5.175591333448694265e+00 -9.297768161514783358e-01 3.681237185338918083e-01 0.000000000000000000e+00 2.995845166703646534e+00 0.000000000000000000e+00 0.000000000000000000e+00 1.000000000000000000e+00 0.000000000000000000e+00
4.314902719555471222e-01 9.021175894570108156e-01 0.000000000000000000e+00 -5.711922312165478743e+00 -9.021175894570108156e-01 4.314902719555471222e-01 0.000000000000000000e+00 2.817841898189406891e+00 0.000000000000000000e+00 0.000000000000000000e+00 1.000000000000000000e+00 0.000000000000000000e+00
3.029701099939268727e-01 9.530000589980400783e-01 0.000000000000000000e+00 -6.302070325228336323e+00 -9.530000589980400783e-01 3.029701099939268727e-01 0.000000000000000000e+00 2.616001925097815484e+00 0.000000000000000000e+00 0.000000000000000000e+00 1.000000000000000000e+00 0.000000000000000000e+00
1.877999680415368688e-01 9.822072958411568466e-01 0.000000000000000000e+00 -6.656873655957876501e+00 -9.822072958411568466e-01 1.877999680415368688e-01 0.000000000000000000e+00 2.439157504588141734e+00 0.000000000000000000e+00 0.000000000000000000e+00 1.000000000000000000e+00 0.000000000000000000e+00
1.826341988387402415e-01 9.831809342204167468e-01 0.000000000000000000e+00 -7.158506569035108846e+00 -9.831809342204167468e-01 1.826341988387402415e-01 0.000000000000000000e+00 2.403955931910683130e+00 0.000000000000000000e+00 0.000000000000000000e+00 1.000000000000000000e+00 0.000000000000000000e+00
2.338680353329720962e-01 9.722683487851981887e-01 0.000000000000000000e+00 -7.505437010167640643e+00 -9.722683487851981887e-01 2.338680353329720962e-01 0.000000000000000000e+00 2.320309859793853846e+00 0.000000000000000000e+00 0.000000000000000000e+00 1.000000000000000000e+00 0.000000000000000000e+00
2.433267020874773090e-01 9.699443881229645736e-01 0.000000000000000000e+00 -8.056052209555911503e+00 -9.699443881229645736e-01 2.433267020874773090e-01 0.000000000000000000e+00 2.219841014614972075e+00 0.000000000000000000e+00 0.000000000000000000e+00 1.000000000000000000e+00 0.000000000000000000e+00
4.271924953592385332e-01 9.041607002677936045e-01 0.000000000000000000e+00 -8.695691460717473120e+00 -9.041607002677936045e-01 4.271924953592385332e-01 0.000000000000000000e+00 2.345227564809732712e+00 0.000000000000000000e+00 0.000000000000000000e+00 1.000000000000000000e+00 0.000000000000000000e+00
3.915266021563216237e-01 9.201667891224533102e-01 0.000000000000000000e+00 -9.256120967951726897e+00 -9.201667891224533102e-01 3.915266021563216237e-01 0.000000000000000000e+00 2.152595414760065662e+00 0.000000000000000000e+00 0.000000000000000000e+00 1.000000000000000000e+00 0.000000000000000000e+00
1.979063943115496327e-01 9.802209236139582949e-01 0.000000000000000000e+00 -9.812190956357484950e+00 -9.802209236139582949e-01 1.979063943115496327e-01 0.000000000000000000e+00 1.928607979857707377e+00 0.000000000000000000e+00 0.000000000000000000e+00 1.000000000000000000e+00 0.000000000000000000e+00
2.967035231563653896e-01 9.549696431544827391e-01 0.000000000000000000e+00 -1.055586604073911872e+01 -9.549696431544827391e-01 2.967035231563653896e-01 0.000000000000000000e+00 1.789737256737847781e+00 0.000000000000000000e+00 0.000000000000000000e+00 1.000000000000000000e+00 0.000000000000000000e+00
3.239231106803979743e-01 9.460834098361172728e-01 0.000000000000000000e+00 -1.096942584595632297e+01 -9.460834098361172728e-01 3.239231106803979743e-01 0.000000000000000000e+00 1.500364332207585694e+00 0.000000000000000000e+00 0.000000000000000000e+00 1.000000000000000000e+00 0.000000000000000000e+00
4.358547610696589247e-01 9.000170149796672403e-01 0.000000000000000000e+00 -1.106088572193057296e+01 -9.000170149796672403e-01 4.358547610696589247e-01 0.000000000000000000e+00 1.579532159088756327e+00 0.000000000000000000e+00 0.000000000000000000e+00 1.000000000000000000e+00 0.000000000000000000e+00
4.536461911007876324e-01 8.911818744228069411e-01 0.000000000000000000e+00 -1.145015122858275447e+01 -8.911818744228069411e-01 4.536461911007876324e-01 0.000000000000000000e+00 1.205458870351979517e+00 0.000000000000000000e+00 0.000000000000000000e+00 1.000000000000000000e+00 0.000000000000000000e+00
5.057040873309750495e-01 8.627070047569717071e-01 0.000000000000000000e+00 -1.166145350501365741e+01 -8.627070047569717071e-01 5.057040873309750495e-01 0.000000000000000000e+00 7.570144354582108992e-01 0.000000000000000000e+00 0.000000000000000000e+00 1.000000000000000000e+00 0.000000000000000000e+00
6.482755187462057034e-01 7.614058390860539705e-01 0.000000000000000000e+00 -1.193457332919946801e+01 -7.614058390860539705e-01 6.482755187462057034e-01 0.000000000000000000e+00 3.800563697299639276e-01 0.000000000000000000e+00 0.000000000000000000e+00 1.000000000000000000e+00 0.000000000000000000e+00
7.880715398982417463e-01 6.155836645025709597e-01 0.000000000000000000e+00 -1.229217507055161107e+01 -6.155836645025709597e-01 7.880715398982417463e-01 0.000000000000000000e+00 3.165220522845470924e-02 0.000000000000000000e+00 0.000000000000000000e+00 1.000000000000000000e+00 0.000000000000000000e+00
8.729417607956815317e-01 4.878244379476442960e-01 0.000000000000000000e+00 -1.229399481381272352e+01 -4.878244379476442960e-01 8.729417607956815317e-01 0.000000000000000000e+00 -3.592687827098911546e-01 0.000000000000000000e+00 0.000000000000000000e+00 1.000000000000000000e+00 0.000000000000000000e+00
9.247870517206593366e-01 3.804850969089467183e-01 0.000000000000000000e+00 -1.235313894511576294e+01 -3.804850969089467183e-01 9.247870517206593366e-01 0.000000000000000000e+00 -7.521664850189426765e-01 0.000000000000000000e+00 0.000000000000000000e+00 1.000000000000000000e+00 0.000000000000000000e+00
9.879192685730874279e-01 1.549694124077906632e-01 0.000000000000000000e+00 -1.252639318624825471e+01 -1.549694124077906632e-01 9.879192685730874279e-01 0.000000000000000000e+00 -1.012226448327000705e+00 0.000000000000000000e+00 0.000000000000000000e+00 1.000000000000000000e+00 0.000000000000000000e+00
9.931018982703536668e-01 -1.172545080234447396e-01 0.000000000000000000e+00 -1.253278097073641284e+01 1.172545080234447396e-01 9.931018982703536668e-01 0.000000000000000000e+00 -1.440297194396483960e+00 0.000000000000000000e+00 0.000000000000000000e+00 1.000000000000000000e+00 0.000000000000000000e+00
9.702865895459642509e-01 -2.419585380747317771e-01 0.000000000000000000e+00 -1.249409215363172621e+01 2.419585380747317771e-01 9.702865895459642509e-01 0.000000000000000000e+00 -1.765165726677587310e+00 0.000000000000000000e+00 0.000000000000000000e+00 1.000000000000000000e+00 0.000000000000000000e+00
-9.282775571038445195e-01 3.718881242757272054e-01 0.000000000000000000e+00 -1.231825991424995692e+01 -3.718881242757272054e-01 -9.282775571038445195e-01 0.000000000000000000e+00 -2.184359029877456670e+00 0.000000000000000000e+00 0.000000000000000000e+00 1.000000000000000000e+00 0.000000000000000000e+00
-8.895538319443030417e-01 4.568303624686154696e-01 0.000000000000000000e+00 -1.207430030365275186e+01 -4.568303624686154696e-01 -8.895538319443030417e-01 0.000000000000000000e+00 -2.567093195957272034e+00 0.000000000000000000e+00 0.000000000000000000e+00 1.000000000000000000e+00 0.000000000000000000e+00
-8.521666901753950363e-01 5.232704197214975705e-01 0.000000000000000000e+00 -1.179535379897510872e+01 -5.232704197214975705e-01 -8.521666901753950363e-01 0.000000000000000000e+00 -3.009691084069940015e+00 0.000000000000000000e+00 0.000000000000000000e+00 1.000000000000000000e+00 0.000000000000000000e+00
-7.646717626258542344e-01 6.444199682215544511e-01 0.000000000000000000e+00 -1.141547477902910401e+01 -6.444199682215544511e-01 -7.646717626258542344e-01 0.000000000000000000e+00 -3.428391622375959180e+00 0.000000000000000000e+00 0.000000000000000000e+00 1.000000000000000000e+00 0.000000000000000000e+00
-5.735711331466889495e-01 8.191557576070763735e-01 0.000000000000000000e+00 -1.116744525613827754e+01 -8.191557576070763735e-01 -5.735711331466889495e-01 0.000000000000000000e+00 -3.499453548973702421e+00 0.000000000000000000e+00 0.000000000000000000e+00 1.000000000000000000e+00 0.000000000000000000e+00
-3.599240483560230408e-01 9.329816072222490986e-01 0.000000000000000000e+00 -1.075805567195843082e+01 -9.329816072222490986e-01 -3.599240483560230408e-01 0.000000000000000000e+00 -3.551363252207657695e+00 0.000000000000000000e+00 0.000000000000000000e+00 1.000000000000000000e+00 0.000000000000000000e+00
-1.417287182289918290e-01 9.899055361140107756e-01 0.000000000000000000e+00 -1.011510552903384408e+01 -9.899055361140107756e-01 -1.417287182289918290e-01 0.000000000000000000e+00 -3.435711003116615814e+00 0.000000000000000000e+00 0.000000000000000000e+00 1.000000000000000000e+00 0.000000000000000000e+00
-4.524620231307371898e-02 9.989758661630642189e-01 0.000000000000000000e+00 -9.501870877115797143e+00 -9.989758661630642189e-01 -4.524620231307371898e-02 0.000000000000000000e+00 -3.494917655936446987e+00 0.000000000000000000e+00 0.000000000000000000e+00 1.000000000000000000e+00 0.000000000000000000e+00
7.467716368688165351e-02 9.972077623161998972e-01 0.000000000000000000e+00 -9.229773515186771249e+00 -9.972077623161998972e-01 7.467716368688165351e-02 0.000000000000000000e+00 -3.540729473493624546e+00 0.000000000000000000e+00 0.000000000000000000e+00 1.000000000000000000e+00 0.000000000000000000e+00
-1.947490357359141777e-01 -9.808531047409350112e-01 0.000000000000000000e+00 -8.737110893477922247e+00 9.808531047409350112e-01 -1.947490357359141777e-01 0.000000000000000000e+00 -3.308485184830378678e+00 0.000000000000000000e+00 0.000000000000000000e+00 1.000000000000000000e+00 0.000000000000000000e+00
