9.994111480499843214e-01 3.431263839188495451e-02 0.000000000000000000e+00 -7.839495999999999576e+00 -3.431263839188495451e-02 9.994111480499843214e-01 0.000000000000000000e+00 4.892564300000000088e+00 0.000000000000000000e+00 0.000000000000000000e+00 1.000000000000000000e+00 0.000000000000000000e+00
4.652850597153909695e-01 8.851608967897559577e-01 0.000000000000000000e+00 -8.137959499999999124e+00 -8.851608967897559577e-01 4.652850597153909695e-01 0.000000000000000000e+00 4.463556999999999775e+00 0.000000000000000000e+00 0.000000000000000000e+00 1.000000000000000000e+00 0.000000000000000000e+00
-4.799832096954936289e-01 8.772776746335289033e-01 0.000000000000000000e+00 -8.820111000000000701e+00 -8.772776746335289033e-01 -4.799832096954936289e-01 0.000000000000000000e+00 4.275525599999999926e+00 0.000000000000000000e+00 0.000000000000000000e+00 1.000000000000000000e+00 0.000000000000000000e+00
-9.955769646596869249e-01 9.394949408594169271e-02 0.000000000000000000e+00 -9.195700000000000429e+00 -9.394949408594169271e-02 -9.955769646596869249e-01 0.000000000000000000e+00 4.329018999999999728e+00 0.000000000000000000e+00 0.000000000000000000e+00 1.000000000000000000e+00 0.000000000000000000e+00
-6.367011967236655412e-01 -7.711106185824782022e-01 0.000000000000000000e+00 -9.220577000000000467e+00 7.711106185824782022e-01 -6.367011967236655412e-01 0.000000000000000000e+00 4.616520399999999746e+00 0.000000000000000000e+00 0.000000000000000000e+00 1.000000000000000000e+00 0.000000000000000000e+00
-3.056571897834985466e-02 -9.995327592547111895e-01 0.000000000000000000e+00 -8.894230999999999554e+00 9.995327592547111895e-01 -3.056571897834985466e-02 0.000000000000000000e+00 4.655768000000000129e+00 0.000000000000000000e+00 0.000000000000000000e+00 1.000000000000000000e+00 0.000000000000000000e+00
5.571961025879437202e-01 -8.303809386425038408e-01 0.000000000000000000e+00 -8.359491999999999479e+00 8.303809386425038408e-01 5.571961025879437202e-01 0.000000000000000000e+00 4.475916400000000017e+00 0.000000000000000000e+00 0.000000000000000000e+00 1.000000000000000000e+00 0.000000000000000000e+00
7.795429120209501628e-01 -6.263488231951084284e-01 0.000000000000000000e+00 -8.002314999999999401e+00 6.263488231951084284e-01 7.795429120209501628e-01 0.000000000000000000e+00 4.038326299999999591e+00 0.000000000000000000e+00 0.000000000000000000e+00 1.000000000000000000e+00 0.000000000000000000e+00
8.247500287879739878e-01 -5.654974712713011220e-01 0.000000000000000000e+00 -7.772125700000000137e+00 5.654974712713011220e-01 8.247500287879739878e-01 0.000000000000000000e+00 3.548272799999999894e+00 0.000000000000000000e+00 0.000000000000000000e+00 1.000000000000000000e+00 0.000000000000000000e+00
8.611919088820126911e-01 -5.082799386914215178e-01 0.000000000000000000e+00 -7.556967700000000399e+00 5.082799386914215178e-01 8.611919088820126911e-01 0.000000000000000000e+00 3.061112899999999915e+00 0.000000000000000000e+00 0.000000000000000000e+00 1.000000000000000000e+00 0.000000000000000000e+00
8.987093354913834320e-01 -4.385447871091799343e-01 0.000000000000000000e+00 -7.275379000000000040e+00 4.385447871091799343e-01 8.987093354913834320e-01 0.000000000000000000e+00 2.666623799999999989e+00 0.000000000000000000e+00 0.000000000000000000e+00 1.000000000000000000e+00 0.000000000000000000e+00
9.857940123925854614e-01 -1.679588197473625422e-01 0.000000000000000000e+00 -7.185812999999999562e+00 1.679588197473625422e-01 9.857940123925854614e-01 0.000000000000000000e+00 2.242682499999999912e+00 0.000000000000000000e+00 0.000000000000000000e+00 1.000000000000000000e+00 0.000000000000000000e+00
9.968543987614457702e-01 -7.925470124829461782e-02 0.000000000000000000e+00 -7.057928000000000424e+00 7.925470124829461782e-02 9.968543987614457702e-01 0.000000000000000000e+00 1.801868800000000048e+00 0.000000000000000000e+00 0.000000000000000000e+00 1.000000000000000000e+00 0.000000000000000000e+00
9.975378829638640310e-01 7.012968025003576966e-02 0.000000000000000000e+00 -7.249729999999999563e+00 -7.012968025003576966e-02 9.975378829638640310e-01 0.000000000000000000e+00 1.111195699999999897e+00 0.000000000000000000e+00 0.000000000000000000e+00 1.000000000000000000e+00 0.000000000000000000e+00
9.994654126821166384e-01 3.269386566569254526e-02 0.000000000000000000e+00 -7.224537399999999998e+00 -3.269386566569254526e-02 9.994654126821166384e-01 0.000000000000000000e+00 6.726410999999999918e-01 0.000000000000000000e+00 0.000000000000000000e+00 1.000000000000000000e+00 0.000000000000000000e+00
9.898673541412484900e-01 1.419951450064551868e-01 0.000000000000000000e+00 -7.367027300000000167e+00 -1.419951450064551868e-01 9.898673541412484900e-01 0.000000000000000000e+00 3.878791000000000183e-02 0.000000000000000000e+00 0.000000000000000000e+00 1.000000000000000000e+00 0.000000000000000000e+00
9.929007467791014507e-01 1.189458155863524630e-01 0.000000000000000000e+00 -7.596899999999999764e+00 -1.189458155863524630e-01 9.929007467791014507e-01 0.000000000000000000e+00 -3.663115000000000121e-01 0.000000000000000000e+00 0.000000000000000000e+00 1.000000000000000000e+00 0.000000000000000000e+00
9.954367871907766618e-01 9.542328178858833221e-02 0.000000000000000000e+00 -7.697887399999999936e+00 -9.542328178858833221e-02 9.954367871907766618e-01 0.000000000000000000e+00 -1.109745299999999935e+00 0.000000000000000000e+00 0.000000000000000000e+00 1.000000000000000000e+00 0.000000000000000000e+00
9.904502592193691335e-01 1.378705335170806734e-01 0.000000000000000000e+00 -7.986633000000000315e+00 -1.378705335170806734e-01 9.904502592193691335e-01 0.000000000000000000e+00 -1.671604300000000043e+00 0.000000000000000000e+00 0.000000000000000000e+00 1.000000000000000000e+00 0.000000000000000000e+00
9.990043230126295359e-01 4.461348004894744729e-02 0.000000000000000000e+00 -7.984211400000000403e+00 -4.461348004894744729e-02 9.990043230126295359e-01 0.000000000000000000e+00 -2.123291500000000109e+00 0.000000000000000000e+00 0.000000000000000000e+00 1.000000000000000000e+00 0.000000000000000000e+00
9.882922534123990133e-01 -1.525726772559308220e-01 0.000000000000000000e+00 -8.249840999999999980e+00 1.525726772559308220e-01 9.882922534123990133e-01 0.000000000000000000e+00 -2.216470199999999835e+00 0.000000000000000000e+00 0.000000000000000000e+00 1.000000000000000000e+00 0.000000000000000000e+00
9.437947504565762369e-01 -3.305320998187754045e-01 0.000000000000000000e+00 -8.261129999999999640e+00 3.305320998187754045e-01 9.437947504565762369e-01 0.000000000000000000e+00 -2.584763999999999839e+00 0.000000000000000000e+00 0.000000000000000000e+00 1.000000000000000000e+00 0.000000000000000000e+00
8.169065253544043337e-01 -5.767700831643349790e-01 0.000000000000000000e+00 -8.148993000000000819e+00 5.767700831643349790e-01 8.169065253544043337e-01 0.000000000000000000e+00 -3.118084200000000195e+00 0.000000000000000000e+00 0.000000000000000000e+00 1.000000000000000000e+00 0.000000000000000000e+00
5.362210731021265220e-01 -8.440775798238002725e-01 0.000000000000000000e+00 -7.951914300000000324e+00 8.440775798238002725e-01 5.362210731021265220e-01 0.000000000000000000e+00 -3.521593999999999891e+00 0.000000000000000000e+00 0.000000000000000000e+00 1.000000000000000000e+00 0.000000000000000000e+00
1.437898635685398718e-01 -9.896082432634343284e-01 0.000000000000000000e+00 -7.695898500000000197e+00 9.896082432634343284e-01 1.437898635685398718e-01 0.000000000000000000e+00 -3.885076300000000149e+00 0.000000000000000000e+00 0.000000000000000000e+00 1.000000000000000000e+00 0.000000000000000000e+00
-2.470721701380904911e-01 -9.689970808744753361e-01 0.000000000000000000e+00 -7.457083700000000093e+00 9.689970808744753361e-01 -2.470721701380904911e-01 0.000000000000000000e+00 -4.054867999999999917e+00 0.000000000000000000e+00 0.000000000000000000e+00 1.000000000000000000e+00 0.000000000000000000e+00
-6.449703470584350340e-01 -7.642075970672640439e-01 0.000000000000000000e+00 -7.342298000000000435e+00 7.642075970672640439e-01 -6.449703470584350340e-01 0.000000000000000000e+00 -4.062997000000000192e+00 0.000000000000000000e+00 0.000000000000000000e+00 1.000000000000000000e+00 0.000000000000000000e+00
-8.843471511180078792e-01 -4.668298579883932709e-01 0.000000000000000000e+00 -7.194859499999999741e+00 4.668298579883932709e-01 -8.843471511180078792e-01 0.000000000000000000e+00 -4.076004000000000183e+00 0.000000000000000000e+00 0.000000000000000000e+00 1.000000000000000000e+00 0.000000000000000000e+00
-9.992767317309830810e-01 3.802648315378187593e-02 0.000000000000000000e+00 -7.081430400000000347e+00 -3.802648315378187593e-02 -9.992767317309830810e-01 0.000000000000000000e+00 -3.899857299999999860e+00 0.000000000000000000e+00 0.000000000000000000e+00 1.000000000000000000e+00 0.000000000000000000e+00
-8.672343713714535385e-01 4.979001356818049673e-01 0.000000000000000000e+00 -6.983163399999999577e+00 -4.979001356818049673e-01 -8.672343713714535385e-01 0.000000000000000000e+00 -3.617157199999999850e+00 0.000000000000000000e+00 0.000000000000000000e+00 1.000000000000000000e+00 0.000000000000000000e+00
6.275600307830111468e-01 -7.785681779803398372e-01 0.000000000000000000e+00 -7.062340700000000027e+00 7.785681779803398372e-01 6.275600307830111468e-01 0.000000000000000000e+00 -3.549776599999999949e+00 0.000000000000000000e+00 0.000000000000000000e+00 1.000000000000000000e+00 0.000000000000000000e+00
2.896240402145667803e-01 -9.571404888154042556e-01 0.000000000000000000e+00 -7.357681000000000360e+00 9.571404888154042556e-01 2.896240402145667803e-01 0.000000000000000000e+00 -3.431169999999999831e+00 0.000000000000000000e+00 0.000000000000000000e+00 1.000000000000000000e+00 0.000000000000000000e+00
-2.787466936532075404e-02 -9.996114259089748932e-01 0.000000000000000000e+00 -7.573731399999999780e+00 9.996114259089748932e-01 -2.787466936532075404e-02 0.000000000000000000e+00 -3.462308999999999859e+00 0.000000000000000000e+00 0.000000000000000000e+00 1.000000000000000000e+00 0.000000000000000000e+00
-5.134184075272609782e-01 -8.581384147165137533e-01 0.000000000000000000e+00 -7.651612799999999659e+00 8.581384147165137533e-01 -5.134184075272609782e-01 0.000000000000000000e+00 -3.400206299999999793e+00 0.000000000000000000e+00 0.000000000000000000e+00 1.000000000000000000e+00 0.000000000000000000e+00
-8.153285307103298463e-01 -5.789986070879055147e-01 0.000000000000000000e+00 -7.736293299999999817e+00 5.789986070879055147e-01 -8.153285307103298463e-01 0.000000000000000000e+00 -3.814514899999999820e+00 0.000000000000000000e+00 0.000000000000000000e+00 1.000000000000000000e+00 0.000000000000000000e+00
-9.741401206141017122e-01 -2.259447397262067947e-01 0.000000000000000000e+00 -7.778018999999999572e+00 2.259447397262067947e-01 -9.741401206141017122e-01 0.000000000000000000e+00 -4.204457800000000134e+00 0.000000000000000000e+00 0.000000000000000000e+00 1.000000000000000000e+00 0.000000000000000000e+00
-9.920823389212035659e-01 1.255891428453676795e-01 0.000000000000000000e+00 -7.551338000000000328e+00 -1.255891428453676795e-01 -9.920823389212035659e-01 0.000000000000000000e+00 -4.562139000000000166e+00 0.000000000000000000e+00 0.000000000000000000e+00 1.000000000000000000e+00 0.000000000000000000e+00
-8.117896047616294242e-01 5.839500300547619815e-01 0.000000000000000000e+00 -7.473880000000000301e+00 -5.839500300547619815e-01 -8.117896047616294242e-01 0.000000000000000000e+00 -4.997994399999999615e+00 0.000000000000000000e+00 0.000000000000000000e+00 1.000000000000000000e+00 0.000000000000000000e+00
-6.030911517509739417e-01 7.976722777429862132e-01 0.000000000000000000e+00 -7.221911399999999759e+00 -7.976722777429862132e-01 -6.030911517509739417e-01 0.000000000000000000e+00 -5.376520600000000094e+00 0.000000000000000000e+00 0.000000000000000000e+00 1.000000000000000000e+00 0.000000000000000000e+00
-3.672108276917064873e-01 9.301377360509419656e-01 0.000000000000000000e+00 -6.681506999999999863e+00 -9.301377360509419656e-01 -3.672108276917064873e-01 0.000000000000000000e+00 -5.722907499999999814e+00 0.000000000000000000e+00 0.000000000000000000e+00 1.000000000000000000e+00 0.000000000000000000e+00
3.553972415604568225e-01 -9.347153581124140187e-01 0.000000000000000000e+00 -6.844603000000000215e+00 9.347153581124140187e-01 3.553972415604568225e-01 0.000000000000000000e+00 -5.612894500000000342e+00 0.000000000000000000e+00 0.000000000000000000e+00 1.000000000000000000e+00 0.000000000000000000e+00
-1.714963942163784671e-01 9.851847475325531400e-01 0.000000000000000000e+00 -6.142463000000000228e+00 -9.851847475325531400e-01 -1.714963942163784671e-01 0.000000000000000000e+00 -5.720204400000000078e+00 0.000000000000000000e+00 0.000000000000000000e+00 1.000000000000000000e+00 0.000000000000000000e+00
2.269328573850977818e-02 9.997424742314344748e-01 0.000000000000000000e+00 -5.722080000000000055e+00 -9.997424742314344748e-01 2.269328573850977818e-02 0.000000000000000000e+00 -5.705046000000000284e+00 0.000000000000000000e+00 0.000000000000000000e+00 1.000000000000000000e+00 0.000000000000000000e+00
1.206448324892398782e-01 9.926957360609761638e-01 0.000000000000000000e+00 -5.191430600000000339e+00 -9.926957360609761638e-01 1.206448324892398782e-01 0.000000000000000000e+00 -5.772638299999999667e+00 0.000000000000000000e+00 0.000000000000000000e+00 1.000000000000000000e+00 0.000000000000000000e+00
2.145573804851871325e-01 9.767113854559772435e-01 0.000000000000000000e+00 -4.670251000000000374e+00 -9.767113854559772435e-01 2.145573804851871325e-01 0.000000000000000000e+00 -5.770572999999999730e+00 0.000000000000000000e+00 0.000000000000000000e+00 1.000000000000000000e+00 0.000000000000000000e+00
2.465340030156690232e-01 9.691341420861562250e-01 0.000000000000000000e+00 -4.240345999999999727e+00 -9.691341420861562250e-01 2.465340030156690232e-01 0.000000000000000000e+00 -5.563011000000000372e+00 0.000000000000000000e+00 0.000000000000000000e+00 1.000000000000000000e+00 0.000000000000000000e+00
3.715496789117152532e-01 9.284130740681117988e-01 0.000000000000000000e+00 -3.900174100000000088e+00 -9.284130740681117988e-01 3.715496789117152532e-01 0.000000000000000000e+00 -5.404025599999999763e+00 0.000000000000000000e+00 0.000000000000000000e+00 1.000000000000000000e+00 0.000000000000000000e+00
5.322822990850623048e-01 8.465669223875453842e-01 0.000000000000000000e+00 -3.244949599999999990e+00 -8.465669223875453842e-01 5.322822990850623048e-01 0.000000000000000000e+00 -5.312897000000000425e+00 0.000000000000000000e+00 0.000000000000000000e+00 1.000000000000000000e+00 0.000000000000000000e+00
6.655881686977700440e-01 7.463192277367298733e-01 0.000000000000000000e+00 -2.821747799999999806e+00 -7.463192277367298733e-01 6.655881686977700440e-01 0.000000000000000000e+00 -4.937477000000000338e+00 0.000000000000000000e+00 0.000000000000000000e+00 1.000000000000000000e+00 0.000000000000000000e+00
6.984587806110699182e-01 7.156502859548770079e-01 0.000000000000000000e+00 -2.327180400000000038e+00 -7.156502859548770079e-01 6.984587806110699182e-01 0.000000000000000000e+00 -4.492394400000000232e+00 0.000000000000000000e+00 0.000000000000000000e+00 1.000000000000000000e+00 0.000000000000000000e+00
7.519749072278074653e-01 6.591917315165067848e-01 0.000000000000000000e+00 -1.914636599999999911e+00 -6.591917315165067848e-01 7.519749072278074653e-01 0.000000000000000000e+00 -4.158987500000000281e+00 0.000000000000000000e+00 0.000000000000000000e+00 1.000000000000000000e+00 0.000000000000000000e+00
7.223290777141624375e-01 6.915494946051276015e-01 0.000000000000000000e+00 -1.636285400000000001e+00 -6.915494946051276015e-01 7.223290777141624375e-01 0.000000000000000000e+00 -3.666061000000000014e+00 0.000000000000000000e+00 0.000000000000000000e+00 1.000000000000000000e+00 0.000000000000000000e+00
8.231361007219918369e-01 5.678441332691523957e-01 0.000000000000000000e+00 -1.257003300000000046e+00 -5.678441332691523957e-01 8.231361007219918369e-01 0.000000000000000000e+00 -3.272220599999999813e+00 0.000000000000000000e+00 0.000000000000000000e+00 1.000000000000000000e+00 0.000000000000000000e+00
8.201758000804209026e-01 5.721115773714436914e-01 0.000000000000000000e+00 -9.835701999999999501e-01 -5.721115773714436914e-01 8.201758000804209026e-01 0.000000000000000000e+00 -3.033877400000000168e+00 0.000000000000000000e+00 0.000000000000000000e+00 1.000000000000000000e+00 0.000000000000000000e+00
8.466344308783996242e-01 5.321749152780582692e-01 0.000000000000000000e+00 -8.267493000000000203e-01 -5.321749152780582692e-01 8.466344308783996242e-01 0.000000000000000000e+00 -2.563253000000000004e+00 0.000000000000000000e+00 0.000000000000000000e+00 1.000000000000000000e+00 0.000000000000000000e+00
8.471460975836107021e-01 5.313600374029453510e-01 0.000000000000000000e+00 -3.736787999999999776e-01 -5.313600374029453510e-01 8.471460975836107021e-01 0.000000000000000000e+00 -2.148261800000000221e+00 0.000000000000000000e+00 0.000000000000000000e+00 1.000000000000000000e+00 0.000000000000000000e+00
8.489462362964478315e-01 5.284792218035593292e-01 0.000000000000000000e+00 -3.850914500000000157e-02 -5.284792218035593292e-01 8.489462362964478315e-01 0.000000000000000000e+00 -1.571823200000000087e+00 0.000000000000000000e+00 0.000000000000000000e+00 1.000000000000000000e+00 0.000000000000000000e+00
8.264394935328888137e-01 5.630255442953741030e-01 0.000000000000000000e+00 1.033971600000000018e-01 -5.630255442953741030e-01 8.264394935328888137e-01 0.000000000000000000e+00 -1.107136700000000085e+00 0.000000000000000000e+00 0.000000000000000000e+00 1.000000000000000000e+00 0.000000000000000000e+00
9.427116068836872698e-01 3.336087922204334921e-01 0.000000000000000000e+00 3.914393199999999795e-01 -3.336087922204334921e-01 9.427116068836872698e-01 0.000000000000000000e+00 -5.490815000000000001e-01 0.000000000000000000e+00 0.000000000000000000e+00 1.000000000000000000e+00 0.000000000000000000e+00
9.205809250787085896e-01 3.905518664418710095e-01 0.000000000000000000e+00 5.502880999999999467e-01 -3.905518664418710095e-01 9.205809250787085896e-01 0.000000000000000000e+00 -8.647639000000000020e-02 0.000000000000000000e+00 0.000000000000000000e+00 1.000000000000000000e+00 0.000000000000000000e+00
-4.608665382881698691e-01 8.874694551849539037e-01 0.000000000000000000e+00 4.311737999999999960e-01 -8.874694551849539037e-01 -4.608665382881698691e-01 0.000000000000000000e+00 -3.754766699999999985e-02 0.000000000000000000e+00 0.000000000000000000e+00 1.000000000000000000e+00 0.000000000000000000e+00
9.736879817469797915e-01 2.278853093147806264e-01 0.000000000000000000e+00 4.733076700000000137e-01 -2.278853093147806264e-01 9.736879817469797915e-01 0.000000000000000000e+00 4.775789999999999758e-01 0.000000000000000000e+00 0.000000000000000000e+00 1.000000000000000000e+00 0.000000000000000000e+00
9.977068826284528624e-01 6.768291036749626843e-02 0.000000000000000000e+00 5.611551999999999651e-01 -6.768291036749626843e-02 9.977068826284528624e-01 0.000000000000000000e+00 9.532542999999999989e-01 0.000000000000000000e+00 0.000000000000000000e+00 1.000000000000000000e+00 0.000000000000000000e+00
9.980719238312614205e-01 -6.206798578788243897e-02 0.000000000000000000e+00 5.627320000000000100e-01 6.206798578788243897e-02 9.980719238312614205e-01 0.000000000000000000e+00 1.583877999999999897e+00 0.000000000000000000e+00 0.000000000000000000e+00 1.000000000000000000e+00 0.000000000000000000e+00
9.642640493099189358e-01 -2.649430942833538860e-01 0.000000000000000000e+00 3.648231000000000113e-01 2.649430942833538860e-01 9.642640493099189358e-01 0.000000000000000000e+00 2.180562300000000064e+00 0.000000000000000000e+00 0.000000000000000000e+00 1.000000000000000000e+00 0.000000000000000000e+00
9.132460204500104650e-01 -4.074085248644399582e-01 0.000000000000000000e+00 -3.238320399999999877e-02 4.074085248644399582e-01 9.132460204500104650e-01 0.000000000000000000e+00 2.687768000000000157e+00 0.000000000000000000e+00 0.000000000000000000e+00 1.000000000000000000e+00 0.000000000000000000e+00
9.002403890241132967e-01 -4.353932038625696888e-01 0.000000000000000000e+00 -4.042998899999999951e-01 4.353932038625696888e-01 9.002403890241132967e-01 0.000000000000000000e+00 3.400822199999999906e+00 0.000000000000000000e+00 0.000000000000000000e+00 1.000000000000000000e+00 0.000000000000000000e+00
8.541225997806852765e-01 -5.200717109629049428e-01 0.000000000000000000e+00 -8.276837000000000222e-01 5.200717109629049428e-01 8.541225997806852765e-01 0.000000000000000000e+00 3.985028699999999979e+00 0.000000000000000000e+00 0.000000000000000000e+00 1.000000000000000000e+00 0.000000000000000000e+00
7.197641465245568915e-01 -6.942186783555858165e-01 0.000000000000000000e+00 -1.304238100000000067e+00 6.942186783555858165e-01 7.197641465245568915e-01 0.000000000000000000e+00 4.247296300000000357e+00 0.000000000000000000e+00 0.000000000000000000e+00 1.000000000000000000e+00 0.000000000000000000e+00
5.080023608562042048e-01 -8.613556764568994772e-01 0.000000000000000000e+00 -1.936860299999999979e+00 8.613556764568994772e-01 5.080023608562042048e-01 0.000000000000000000e+00 4.564581399999999789e+00 0.000000000000000000e+00 0.000000000000000000e+00 1.000000000000000000e+00 0.000000000000000000e+00
-2.320000842101716532e-01 9.727157657437619509e-01 0.000000000000000000e+00 -2.550458400000000125e+00 -9.727157657437619509e-01 -2.320000842101716532e-01 0.000000000000000000e+00 4.935344999999999871e+00 0.000000000000000000e+00 0.000000000000000000e+00 1.000000000000000000e+00 0.000000000000000000e+00
4.850459438520920985e-02 9.988229594495344754e-01 0.000000000000000000e+00 -3.496220399999999895e+00 -9.988229594495344754e-01 4.850459438520920985e-02 0.000000000000000000e+00 5.025256999999999863e+00 0.000000000000000000e+00 0.000000000000000000e+00 1.000000000000000000e+00 0.000000000000000000e+00
5.221784635015803699e-01 8.528362399987049480e-01 0.000000000000000000e+00 -4.199907299999999566e+00 -8.528362399987049480e-01 5.221784635015803699e-01 0.000000000000000000e+00 4.959424000000000277e+00 0.000000000000000000e+00 0.000000000000000000e+00 1.000000000000000000e+00 0.000000000000000000e+00
8.899205419590506816e-01 4.561155873233335711e-01 0.000000000000000000e+00 -5.013099000000000416e+00 -4.561155873233335711e-01 8.899205419590506816e-01 0.000000000000000000e+00 4.906407399999999974e+00 0.000000000000000000e+00 0.000000000000000000e+00 1.000000000000000000e+00 0.000000000000000000e+00
9.741066111668638117e-01 -2.260891640061689079e-01 0.000000000000000000e+00 -5.463992600000000088e+00 2.260891640061689079e-01 9.741066111668638117e-01 0.000000000000000000e+00 4.653535999999999895e+00 0.000000000000000000e+00 0.000000000000000000e+00 1.000000000000000000e+00 0.000000000000000000e+00
3.256931129902258526e-01 -9.454755396892803310e-01 0.000000000000000000e+00 -5.644360500000000336e+00 9.454755396892803310e-01 3.256931129902258526e-01 0.000000000000000000e+00 4.252818000000000431e+00 0.000000000000000000e+00 0.000000000000000000e+00 1.000000000000000000e+00 0.000000000000000000e+00
-6.095517118582093330e-01 -7.927463090867888917e-01 0.000000000000000000e+00 -5.693629299999999560e+00 7.927463090867888917e-01 -6.095517118582093330e-01 0.000000000000000000e+00 4.176987999999999701e+00 0.000000000000000000e+00 0.000000000000000000e+00 1.000000000000000000e+00 0.000000000000000000e+00
-9.744891405800520934e-01 2.244346561731309364e-01 0.000000000000000000e+00 -5.824874399999999675e+00 -2.244346561731309364e-01 -9.744891405800520934e-01 0.000000000000000000e+00 4.597664400000000207e+00 0.000000000000000000e+00 0.000000000000000000e+00 1.000000000000000000e+00 0.000000000000000000e+00
-5.802935358779974795e-01 8.144073994127332128e-01 0.000000000000000000e+00 -6.306517999999999624e+00 -8.144073994127332128e-01 -5.802935358779974795e-01 0.000000000000000000e+00 5.089888600000000096e+00 0.000000000000000000e+00 0.000000000000000000e+00 1.000000000000000000e+00 0.000000000000000000e+00
-4.104803720016587248e-02 9.991571741432945242e-01 0.000000000000000000e+00 -7.104312000000000182e+00 -9.991571741432945242e-01 -4.104803720016587248e-02 0.000000000000000000e+00 5.288638599999999634e+00 0.000000000000000000e+00 0.000000000000000000e+00 1.000000000000000000e+00 0.000000000000000000e+00
6.010952671629390398e-01 7.991773769284982176e-01 0.000000000000000000e+00 -7.538125499999999590e+00 -7.991773769284982176e-01 6.010952671629390398e-01 0.000000000000000000e+00 5.348950000000000315e+00 0.000000000000000000e+00 0.000000000000000000e+00 1.000000000000000000e+00 0.000000000000000000e+00
8.370829033395891725e-03 9.999649639968860582e-01 0.000000000000000000e+00 -7.905795999999999601e+00 -9.999649639968860582e-01 8.370829033395891725e-03 0.000000000000000000e+00 4.649365000000000414e+00 0.000000000000000000e+00 0.000000000000000000e+00 1.000000000000000000e+00 0.000000000000000000e+00
-6.075303680568117093e-01 7.942964508851558803e-01 0.000000000000000000e+00 -8.370748999999999995e+00 -7.942964508851558803e-01 -6.075303680568117093e-01 0.000000000000000000e+00 4.276105000000000267e+00 0.000000000000000000e+00 0.000000000000000000e+00 1.000000000000000000e+00 0.000000000000000000e+00
-9.979179103935627015e-01 6.449685353368317386e-02 0.000000000000000000e+00 -9.033675999999999817e+00 -6.449685353368317386e-02 -9.979179103935627015e-01 0.000000000000000000e+00 4.240688300000000410e+00 0.000000000000000000e+00 0.000000000000000000e+00 1.000000000000000000e+00 0.000000000000000000e+00
-5.592438340955002696e-01 -8.290032171386095827e-01 0.000000000000000000e+00 -9.370808000000000249e+00 8.290032171386095827e-01 -5.592438340955002696e-01 0.000000000000000000e+00 4.344570000000000043e+00 0.000000000000000000e+00 0.000000000000000000e+00 1.000000000000000000e+00 0.000000000000000000e+00
6.090276045388227644e-01 -7.931490256627081736e-01 0.000000000000000000e+00 -9.073475999999999431e+00 7.931490256627081736e-01 6.090276045388227644e-01 0.000000000000000000e+00 4.582634399999999886e+00 0.000000000000000000e+00 0.000000000000000000e+00 1.000000000000000000e+00 0.000000000000000000e+00
7.487783320419969524e-01 -6.628204956580664442e-01 0.000000000000000000e+00 -8.810114999999999696e+00 6.628204956580664442e-01 7.487783320419969524e-01 0.000000000000000000e+00 4.243440999999999796e+00 0.000000000000000000e+00 0.000000000000000000e+00 1.000000000000000000e+00 0.000000000000000000e+00
8.146978885750926214e-01 -5.798856355793665651e-01 0.000000000000000000e+00 -8.291919000000000040e+00 5.798856355793665651e-01 8.146978885750926214e-01 0.000000000000000000e+00 3.811744200000000138e+00 0.000000000000000000e+00 0.000000000000000000e+00 1.000000000000000000e+00 0.000000000000000000e+00
8.582985457399323614e-01 -5.131506663551332892e-01 0.000000000000000000e+00 -8.019190999999999292e+00 5.131506663551332892e-01 8.582985457399323614e-01 0.000000000000000000e+00 3.508309800000000145e+00 0.000000000000000000e+00 0.000000000000000000e+00 1.000000000000000000e+00 0.000000000000000000e+00
8.320712593962550363e-01 -5.546687473499206655e-01 0.000000000000000000e+00 -7.760671000000000319e+00 5.546687473499206655e-01 8.320712593962550363e-01 0.000000000000000000e+00 3.001714000000000215e+00 0.000000000000000000e+00 0.000000000000000000e+00 1.000000000000000000e+00 0.000000000000000000e+00
9.076096029642469754e-01 -4.198152076891474849e-01 0.000000000000000000e+00 -7.481034300000000137e+00 4.198152076891474849e-01 9.076096029642469754e-01 0.000000000000000000e+00 2.440165499999999987e+00 0.000000000000000000e+00 0.000000000000000000e+00 1.000000000000000000e+00 0.000000000000000000e+00
9.551206212047238520e-01 -2.962171483042507769e-01 0.000000000000000000e+00 -7.265732299999999810e+00 2.962171483042507769e-01 9.551206212047238520e-01 0.000000000000000000e+00 2.102685699999999880e+00 0.000000000000000000e+00 0.000000000000000000e+00 1.000000000000000000e+00 0.000000000000000000e+00
9.597312639003280355e-01 -2.809197413715863734e-01 0.000000000000000000e+00 -7.179310300000000034e+00 2.809197413715863734e-01 9.597312639003280355e-01 0.000000000000000000e+00 1.600636100000000006e+00 0.000000000000000000e+00 0.000000000000000000e+00 1.000000000000000000e+00 0.000000000000000000e+00
9.951382988646173544e-01 -9.848739073016132828e-02 0.000000000000000000e+00 -7.227854999999999919e+00 9.848739073016132828e-02 9.951382988646173544e-01 0.000000000000000000e+00 1.259584400000000048e+00 0.000000000000000000e+00 0.000000000000000000e+00 1.000000000000000000e+00 0.000000000000000000e+00
9.994821496592229959e-01 3.217813718316531180e-02 0.000000000000000000e+00 -7.367551299999999692e+00 -3.217813718316531180e-02 9.994821496592229959e-01 0.000000000000000000e+00 4.059980000000000255e-01 0.000000000000000000e+00 0.000000000000000000e+00 1.000000000000000000e+00 0.000000000000000000e+00
9.991322641021957995e-01 -4.164995594259536527e-02 0.000000000000000000e+00 -7.751360000000000028e+00 4.164995594259536527e-02 9.991322641021957995e-01 0.000000000000000000e+00 -2.858492699999999886e-01 0.000000000000000000e+00 0.000000000000000000e+00 1.000000000000000000e+00 0.000000000000000000e+00
9.972314929963570496e-01 7.435959505172666517e-02 0.000000000000000000e+00 -7.873855599999999733e+00 -7.435959505172666517e-02 9.972314929963570496e-01 0.000000000000000000e+00 -9.821576499999999932e-01 0.000000000000000000e+00 0.000000000000000000e+00 1.000000000000000000e+00 0.000000000000000000e+00
9.640038661310301737e-01 2.658882210336269147e-01 0.000000000000000000e+00 -8.005718999999999141e+00 -2.658882210336269147e-01 9.640038661310301737e-01 0.000000000000000000e+00 -1.672337399999999974e+00 0.000000000000000000e+00 0.000000000000000000e+00 1.000000000000000000e+00 0.000000000000000000e+00
9.918206220107300686e-01 1.276395462004177583e-01 0.000000000000000000e+00 -8.284955999999999321e+00 -1.276395462004177583e-01 9.918206220107300686e-01 0.000000000000000000e+00 -2.486114999999999853e+00 0.000000000000000000e+00 0.000000000000000000e+00 1.000000000000000000e+00 0.000000000000000000e+00
9.997654510185426391e-01 2.165739942121369666e-02 0.000000000000000000e+00 -8.235127000000000308e+00 -2.165739942121369666e-02 9.997654510185426391e-01 0.000000000000000000e+00 -3.064722999999999864e+00 0.000000000000000000e+00 0.000000000000000000e+00 1.000000000000000000e+00 0.000000000000000000e+00
9.854426958389936875e-01 -1.700079210436286348e-01 0.000000000000000000e+00 -8.372398000000000451e+00 1.700079210436286348e-01 9.854426958389936875e-01 0.000000000000000000e+00 -3.200005299999999941e+00 0.000000000000000000e+00 0.000000000000000000e+00 1.000000000000000000e+00 0.000000000000000000e+00
9.412561494080640134e-01 -3.376934426391844934e-01 0.000000000000000000e+00 -8.211873000000000644e+00 3.376934426391844934e-01 9.412561494080640134e-01 0.000000000000000000e+00 -3.763022199999999984e+00 0.000000000000000000e+00 0.000000000000000000e+00 1.000000000000000000e+00 0.000000000000000000e+00
8.185958246123227200e-01 -5.743699817428408183e-01 0.000000000000000000e+00 -7.875098000000000376e+00 5.743699817428408183e-01 8.185958246123227200e-01 0.000000000000000000e+00 -4.109670999999999630e+00 0.000000000000000000e+00 0.000000000000000000e+00 1.000000000000000000e+00 0.000000000000000000e+00
5.333128411845585726e-01 -8.459180890769826267e-01 0.000000000000000000e+00 -7.462253600000000375e+00 8.459180890769826267e-01 5.333128411845585726e-01 0.000000000000000000e+00 -4.403508999999999673e+00 0.000000000000000000e+00 0.000000000000000000e+00 1.000000000000000000e+00 0.000000000000000000e+00
1.239914960310064956e-01 -9.922832805766672593e-01 0.000000000000000000e+00 -6.998423599999999745e+00 9.922832805766672593e-01 1.239914960310064956e-01 0.000000000000000000e+00 -4.689604000000000106e+00 0.000000000000000000e+00 0.000000000000000000e+00 1.000000000000000000e+00 0.000000000000000000e+00
-2.931611374111719459e-01 -9.560630457829587536e-01 0.000000000000000000e+00 -6.630277000000000420e+00 9.560630457829587536e-01 -2.931611374111719459e-01 0.000000000000000000e+00 -4.512626599999999932e+00 0.000000000000000000e+00 0.000000000000000000e+00 1.000000000000000000e+00 0.000000000000000000e+00
-6.445212638132157279e-01 -7.645863852388526949e-01 0.000000000000000000e+00 -6.273949599999999904e+00 7.645863852388526949e-01 -6.445212638132157279e-01 0.000000000000000000e+00 -4.289200000000000124e+00 0.000000000000000000e+00 0.000000000000000000e+00 1.000000000000000000e+00 0.000000000000000000e+00
-9.140157949665648207e-01 -4.056786000661588010e-01 0.000000000000000000e+00 -6.062482400000000382e+00 4.056786000661588010e-01 -9.140157949665648207e-01 0.000000000000000000e+00 -4.043421300000000329e+00 0.000000000000000000e+00 0.000000000000000000e+00 1.000000000000000000e+00 0.000000000000000000e+00
-9.991843276790023376e-01 4.038167060264023084e-02 0.000000000000000000e+00 -5.996865699999999855e+00 -4.038167060264023084e-02 -9.991843276790023376e-01 0.000000000000000000e+00 -3.533572400000000169e+00 0.000000000000000000e+00 0.000000000000000000e+00 1.000000000000000000e+00 0.000000000000000000e+00
-8.978857724643640736e-01 4.402285083977096058e-01 0.000000000000000000e+00 -6.057433999999999763e+00 -4.402285083977096058e-01 -8.978857724643640736e-01 0.000000000000000000e+00 -3.115427700000000133e+00 0.000000000000000000e+00 0.000000000000000000e+00 1.000000000000000000e+00 0.000000000000000000e+00
6.277084923225744184e-01 -7.784484881262989653e-01 0.000000000000000000e+00 -6.353985999999999912e+00 7.784484881262989653e-01 6.277084923225744184e-01 0.000000000000000000e+00 -2.647050600000000031e+00 0.000000000000000000e+00 0.000000000000000000e+00 1.000000000000000000e+00 0.000000000000000000e+00
3.057932896081064222e-01 -9.520979277525252193e-01 0.000000000000000000e+00 -6.783511999999999986e+00 9.520979277525252193e-01 3.057932896081064222e-01 0.000000000000000000e+00 -2.455522000000000205e+00 0.000000000000000000e+00 0.000000000000000000e+00 1.000000000000000000e+00 0.000000000000000000e+00
-2.802431088288318342e-02 -9.996072418702954820e-01 0.000000000000000000e+00 -7.314141300000000179e+00 9.996072418702954820e-01 -2.802431088288318342e-02 0.000000000000000000e+00 -2.357597000000000165e+00 0.000000000000000000e+00 0.000000000000000000e+00 1.000000000000000000e+00 0.000000000000000000e+00
-4.147544945276120387e-01 -9.099333543008218950e-01 0.000000000000000000e+00 -7.961072399999999938e+00 9.099333543008218950e-01 -4.147544945276120387e-01 0.000000000000000000e+00 -2.533669199999999844e+00 0.000000000000000000e+00 0.000000000000000000e+00 1.000000000000000000e+00 0.000000000000000000e+00
-8.127072159136099483e-01 -5.826722759853509848e-01 0.000000000000000000e+00 -8.183142000000000138e+00 5.826722759853509848e-01 -8.127072159136099483e-01 0.000000000000000000e+00 -2.802284199999999892e+00 0.000000000000000000e+00 0.000000000000000000e+00 1.000000000000000000e+00 0.000000000000000000e+00
-9.592665702720902798e-01 -2.825024728359398773e-01 0.000000000000000000e+00 -8.386221000000000814e+00 2.825024728359398773e-01 -9.592665702720902798e-01 0.000000000000000000e+00 -3.234302000000000010e+00 0.000000000000000000e+00 0.000000000000000000e+00 1.000000000000000000e+00 0.000000000000000000e+00
-9.925579797509097579e-01 1.217729725053661727e-01 0.000000000000000000e+00 -8.359875999999999863e+00 -1.217729725053661727e-01 -9.925579797509097579e-01 0.000000000000000000e+00 -3.880142999999999898e+00 0.000000000000000000e+00 0.000000000000000000e+00 1.000000000000000000e+00 0.000000000000000000e+00
-9.769919971917495616e-01 2.132759654140063965e-01 0.000000000000000000e+00 -8.264224000000000458e+00 -2.132759654140063965e-01 -9.769919971917495616e-01 0.000000000000000000e+00 -4.514812499999999673e+00 0.000000000000000000e+00 0.000000000000000000e+00 1.000000000000000000e+00 0.000000000000000000e+00
-9.455133352259554869e-01 3.255833732085989807e-01 0.000000000000000000e+00 -8.243442999999999188e+00 -3.255833732085989807e-01 -9.455133352259554869e-01 0.000000000000000000e+00 -4.807625299999999768e+00 0.000000000000000000e+00 0.000000000000000000e+00 1.000000000000000000e+00 0.000000000000000000e+00
8.990465295952821956e-01 -4.378531005059566605e-01 0.000000000000000000e+00 -7.896111499999999950e+00 4.378531005059566605e-01 8.990465295952821956e-01 0.000000000000000000e+00 -5.234092699999999709e+00 0.000000000000000000e+00 0.000000000000000000e+00 1.000000000000000000e+00 0.000000000000000000e+00
