9.983512079462552036e-01 5.740091978577700066e-02 0.000000000000000000e+00 -7.809489300000000078e+00 -5.740091978577700066e-02 9.983512079462552036e-01 0.000000000000000000e+00 4.888164500000000245e+00 0.000000000000000000e+00 0.000000000000000000e+00 1.000000000000000000e+00 0.000000000000000000e+00
5.872333628731770672e-01 8.094176780430851759e-01 0.000000000000000000e+00 -7.413532299999999964e+00 -8.094176780430851759e-01 5.872333628731770672e-01 0.000000000000000000e+00 4.444701700000000422e+00 0.000000000000000000e+00 0.000000000000000000e+00 1.000000000000000000e+00 0.000000000000000000e+00
-3.883707276282550858e-01 9.215032164466381293e-01 0.000000000000000000e+00 -7.395579299999999634e+00 -9.215032164466381293e-01 -3.883707276282550858e-01 0.000000000000000000e+00 4.170836399999999777e+00 0.000000000000000000e+00 0.000000000000000000e+00 1.000000000000000000e+00 0.000000000000000000e+00
-7.417134874912086895e-01 6.707168571563030257e-01 0.000000000000000000e+00 -7.450006499999999754e+00 -6.707168571563030257e-01 -7.417134874912086895e-01 0.000000000000000000e+00 3.959948999999999941e+00 0.000000000000000000e+00 0.000000000000000000e+00 1.000000000000000000e+00 0.000000000000000000e+00
-9.932849618623935672e-01 1.156934939312638660e-01 0.000000000000000000e+00 -7.536628999999999579e+00 -1.156934939312638660e-01 -9.932849618623935672e-01 0.000000000000000000e+00 3.924989699999999804e+00 0.000000000000000000e+00 0.000000000000000000e+00 1.000000000000000000e+00 0.000000000000000000e+00
-9.987803670271073742e-01 -4.937386394841535714e-02 0.000000000000000000e+00 -7.528645499999999657e+00 4.937386394841535714e-02 -9.987803670271073742e-01 0.000000000000000000e+00 3.641142799999999902e+00 0.000000000000000000e+00 0.000000000000000000e+00 1.000000000000000000e+00 0.000000000000000000e+00
-4.059398402578313636e-01 -9.138998009034942083e-01 0.000000000000000000e+00 -7.898284399999999650e+00 9.138998009034942083e-01 -4.059398402578313636e-01 0.000000000000000000e+00 3.572906000000000137e+00 0.000000000000000000e+00 0.000000000000000000e+00 1.000000000000000000e+00 0.000000000000000000e+00
-3.575538596463060936e-01 -9.338925192183679114e-01 0.000000000000000000e+00 -7.438276300000000063e+00 9.338925192183679114e-01 -3.575538596463060936e-01 0.000000000000000000e+00 2.985002800000000178e+00 0.000000000000000000e+00 0.000000000000000000e+00 1.000000000000000000e+00 0.000000000000000000e+00
-3.107497692987626695e-02 -9.995170562870888675e-01 0.000000000000000000e+00 -7.147869000000000028e+00 9.995170562870888675e-01 -3.107497692987626695e-02 0.000000000000000000e+00 2.674839500000000037e+00 0.000000000000000000e+00 0.000000000000000000e+00 1.000000000000000000e+00 0.000000000000000000e+00
-3.331882036664571833e-01 -9.428603401021380392e-01 0.000000000000000000e+00 -6.813488500000000059e+00 9.428603401021380392e-01 -3.331882036664571833e-01 0.000000000000000000e+00 1.876103300000000029e+00 0.000000000000000000e+00 0.000000000000000000e+00 1.000000000000000000e+00 0.000000000000000000e+00
3.231839099250381070e-02 -9.994776243636751545e-01 0.000000000000000000e+00 -6.875025700000000128e+00 9.994776243636751545e-01 3.231839099250381070e-02 0.000000000000000000e+00 1.649509499999999962e+00 0.000000000000000000e+00 0.000000000000000000e+00 1.000000000000000000e+00 0.000000000000000000e+00
-1.315525515522497357e-01 -9.913091980709614059e-01 0.000000000000000000e+00 -6.811793299999999718e+00 9.913091980709614059e-01 -1.315525515522497357e-01 0.000000000000000000e+00 8.270950999999999720e-01 0.000000000000000000e+00 0.000000000000000000e+00 1.000000000000000000e+00 0.000000000000000000e+00
1.480778574177941398e-01 -9.889757065482223108e-01 0.000000000000000000e+00 -6.904355999999999938e+00 9.889757065482223108e-01 1.480778574177941398e-01 0.000000000000000000e+00 7.058627600000000335e-01 0.000000000000000000e+00 0.000000000000000000e+00 1.000000000000000000e+00 0.000000000000000000e+00
-2.576226372339209258e-01 -9.662456089342086329e-01 0.000000000000000000e+00 -6.982323599999999963e+00 9.662456089342086329e-01 -2.576226372339209258e-01 0.000000000000000000e+00 -9.657728999999999620e-02 0.000000000000000000e+00 0.000000000000000000e+00 1.000000000000000000e+00 0.000000000000000000e+00
-1.088528607691316707e-01 -9.940578729140351344e-01 0.000000000000000000e+00 -7.663353999999999999e+00 9.940578729140351344e-01 -1.088528607691316707e-01 0.000000000000000000e+00 -2.060418099999999919e-01 0.000000000000000000e+00 0.000000000000000000e+00 1.000000000000000000e+00 0.000000000000000000e+00
-2.280894745646115662e-01 -9.736401756259031037e-01 0.000000000000000000e+00 -7.990456599999999909e+00 9.736401756259031037e-01 -2.280894745646115662e-01 0.000000000000000000e+00 -6.412326999999999888e-01 0.000000000000000000e+00 0.000000000000000000e+00 1.000000000000000000e+00 0.000000000000000000e+00
-1.878506508197974045e-01 -9.821976038387482122e-01 0.000000000000000000e+00 -8.614285999999999888e+00 9.821976038387482122e-01 -1.878506508197974045e-01 0.000000000000000000e+00 -1.093919300000000039e+00 0.000000000000000000e+00 0.000000000000000000e+00 1.000000000000000000e+00 0.000000000000000000e+00
-3.129983564481583769e-01 -9.497536674637016008e-01 0.000000000000000000e+00 -8.742770999999999404e+00 9.497536674637016008e-01 -3.129983564481583769e-01 0.000000000000000000e+00 -1.351109499999999963e+00 0.000000000000000000e+00 0.000000000000000000e+00 1.000000000000000000e+00 0.000000000000000000e+00
-4.329804033969206906e-02 -9.990622001170609279e-01 0.000000000000000000e+00 -9.010607000000000255e+00 9.990622001170609279e-01 -4.329804033969206906e-02 0.000000000000000000e+00 -1.699267899999999942e+00 0.000000000000000000e+00 0.000000000000000000e+00 1.000000000000000000e+00 0.000000000000000000e+00
-5.083655825607799605e-02 -9.987069862300335110e-01 0.000000000000000000e+00 -9.149221000000000714e+00 9.987069862300335110e-01 -5.083655825607799605e-02 0.000000000000000000e+00 -1.874900299999999964e+00 0.000000000000000000e+00 0.000000000000000000e+00 1.000000000000000000e+00 0.000000000000000000e+00
-1.958161864756715609e-01 -9.806406177158506488e-01 0.000000000000000000e+00 -9.692019999999999413e+00 9.806406177158506488e-01 -1.958161864756715609e-01 0.000000000000000000e+00 -2.358260899999999882e+00 0.000000000000000000e+00 0.000000000000000000e+00 1.000000000000000000e+00 0.000000000000000000e+00
-4.462369469154554569e-01 -8.949148491379349535e-01 0.000000000000000000e+00 -9.689342500000000413e+00 8.949148491379349535e-01 -4.462369469154554569e-01 0.000000000000000000e+00 -2.732359000000000204e+00 0.000000000000000000e+00 0.000000000000000000e+00 1.000000000000000000e+00 0.000000000000000000e+00
-5.667433300227808779e-01 -8.238944094207032443e-01 0.000000000000000000e+00 -9.727209999999999468e+00 8.238944094207032443e-01 -5.667433300227808779e-01 0.000000000000000000e+00 -2.904126600000000114e+00 0.000000000000000000e+00 0.000000000000000000e+00 1.000000000000000000e+00 0.000000000000000000e+00
-8.227631032330414707e-01 -5.683844438039588054e-01 0.000000000000000000e+00 -9.632282000000000011e+00 5.683844438039588054e-01 -8.227631032330414707e-01 0.000000000000000000e+00 -3.196188999999999947e+00 0.000000000000000000e+00 0.000000000000000000e+00 1.000000000000000000e+00 0.000000000000000000e+00
-8.794989746564767508e-01 -4.759007812330275922e-01 0.000000000000000000e+00 -9.695990000000000109e+00 4.759007812330275922e-01 -8.794989746564767508e-01 0.000000000000000000e+00 -3.368861200000000000e+00 0.000000000000000000e+00 0.000000000000000000e+00 1.000000000000000000e+00 0.000000000000000000e+00
-9.475448725753141677e-01 -3.196227689890562829e-01 0.000000000000000000e+00 -9.670265000000000555e+00 3.196227689890562829e-01 -9.475448725753141677e-01 0.000000000000000000e+00 -3.626692300000000202e+00 0.000000000000000000e+00 0.000000000000000000e+00 1.000000000000000000e+00 0.000000000000000000e+00
-9.684647661764785864e-01 -2.491505502196184052e-01 0.000000000000000000e+00 -9.903665999999999414e+00 2.491505502196184052e-01 -9.684647661764785864e-01 0.000000000000000000e+00 -3.899657200000000046e+00 0.000000000000000000e+00 0.000000000000000000e+00 1.000000000000000000e+00 0.000000000000000000e+00
-9.995145307623501951e-01 -3.115610365432247911e-02 0.000000000000000000e+00 -9.679964999999999264e+00 3.115610365432247911e-02 -9.995145307623501951e-01 0.000000000000000000e+00 -4.292906300000000286e+00 0.000000000000000000e+00 0.000000000000000000e+00 1.000000000000000000e+00 0.000000000000000000e+00
-9.877206981016238840e-01 1.562300308571974439e-01 0.000000000000000000e+00 -9.731000999999999124e+00 -1.562300308571974439e-01 -9.877206981016238840e-01 0.000000000000000000e+00 -4.471684500000000284e+00 0.000000000000000000e+00 0.000000000000000000e+00 1.000000000000000000e+00 0.000000000000000000e+00
-9.206899465890532319e-01 3.902947889094170453e-01 0.000000000000000000e+00 -9.435178000000000509e+00 -3.902947889094170453e-01 -9.206899465890532319e-01 0.000000000000000000e+00 -4.646521599999999808e+00 0.000000000000000000e+00 0.000000000000000000e+00 1.000000000000000000e+00 0.000000000000000000e+00
8.943296779983196387e-01 -4.474085683705910643e-01 0.000000000000000000e+00 -9.363867000000000829e+00 4.474085683705910643e-01 8.943296779983196387e-01 0.000000000000000000e+00 -4.874770599999999732e+00 0.000000000000000000e+00 0.000000000000000000e+00 1.000000000000000000e+00 0.000000000000000000e+00
8.119616866719444603e-01 -5.837107326209199920e-01 0.000000000000000000e+00 -9.089415000000000688e+00 5.837107326209199920e-01 8.119616866719444603e-01 0.000000000000000000e+00 -5.019445400000000390e+00 0.000000000000000000e+00 0.000000000000000000e+00 1.000000000000000000e+00 0.000000000000000000e+00
7.428014494163516224e-01 -6.695117674432371491e-01 0.000000000000000000e+00 -8.939076999999999273e+00 6.695117674432371491e-01 7.428014494163516224e-01 0.000000000000000000e+00 -5.077869399999999978e+00 0.000000000000000000e+00 0.000000000000000000e+00 1.000000000000000000e+00 0.000000000000000000e+00
3.854510728981989653e-01 -9.227282754969782230e-01 0.000000000000000000e+00 -8.355020500000000183e+00 9.227282754969782230e-01 3.854510728981989653e-01 0.000000000000000000e+00 -5.210318599999999911e+00 0.000000000000000000e+00 0.000000000000000000e+00 1.000000000000000000e+00 0.000000000000000000e+00
1.099946025796836313e-01 -9.939321845092538021e-01 0.000000000000000000e+00 -8.266384000000000398e+00 9.939321845092538021e-01 1.099946025796836313e-01 0.000000000000000000e+00 -5.465965299999999694e+00 0.000000000000000000e+00 0.000000000000000000e+00 1.000000000000000000e+00 0.000000000000000000e+00
-2.517353960896028808e-01 -9.677960995765640950e-01 0.000000000000000000e+00 -8.057320999999999955e+00 9.677960995765640950e-01 -2.517353960896028808e-01 0.000000000000000000e+00 -5.667042000000000357e+00 0.000000000000000000e+00 0.000000000000000000e+00 1.000000000000000000e+00 0.000000000000000000e+00
-5.824824392994613076e-01 -8.128432861922089137e-01 0.000000000000000000e+00 -7.908067700000000144e+00 8.128432861922089137e-01 -5.824824392994613076e-01 0.000000000000000000e+00 -5.960173600000000071e+00 0.000000000000000000e+00 0.000000000000000000e+00 1.000000000000000000e+00 0.000000000000000000e+00
-9.685128573041036359e-01 2.489635419828393481e-01 0.000000000000000000e+00 -7.200084699999999671e+00 -2.489635419828393481e-01 -9.685128573041036359e-01 0.000000000000000000e+00 -6.347311999999999621e+00 0.000000000000000000e+00 0.000000000000000000e+00 1.000000000000000000e+00 0.000000000000000000e+00
-5.601054403727726561e-01 8.284213273840929093e-01 0.000000000000000000e+00 -6.227788000000000324e+00 -8.284213273840929093e-01 -5.601054403727726561e-01 0.000000000000000000e+00 -6.915453000000000294e+00 0.000000000000000000e+00 0.000000000000000000e+00 1.000000000000000000e+00 0.000000000000000000e+00
-8.425715932462332636e-02 9.964440431366655693e-01 0.000000000000000000e+00 -5.001197000000000337e+00 -9.964440431366655693e-01 -8.425715932462332636e-02 0.000000000000000000e+00 -7.274764499999999856e+00 0.000000000000000000e+00 0.000000000000000000e+00 1.000000000000000000e+00 0.000000000000000000e+00
6.838041738480457599e-02 -9.976593198673984197e-01 0.000000000000000000e+00 -5.198252700000000281e+00 9.976593198673984197e-01 6.838041738480457599e-02 0.000000000000000000e+00 -7.216548000000000407e+00 0.000000000000000000e+00 0.000000000000000000e+00 1.000000000000000000e+00 0.000000000000000000e+00
1.276127086322917381e-01 9.918240754264486814e-01 0.000000000000000000e+00 -4.420767999999999809e+00 -9.918240754264486814e-01 1.276127086322917381e-01 0.000000000000000000e+00 -7.081809999999999938e+00 0.000000000000000000e+00 0.000000000000000000e+00 1.000000000000000000e+00 0.000000000000000000e+00
3.229497871778894136e-01 9.464161003288965590e-01 0.000000000000000000e+00 -3.982673199999999802e+00 -9.464161003288965590e-01 3.229497871778894136e-01 0.000000000000000000e+00 -6.914120699999999786e+00 0.000000000000000000e+00 0.000000000000000000e+00 1.000000000000000000e+00 0.000000000000000000e+00
4.190326258695811212e-01 9.079711771068746939e-01 0.000000000000000000e+00 -3.402653700000000114e+00 -9.079711771068746939e-01 4.190326258695811212e-01 0.000000000000000000e+00 -6.789265000000000327e+00 0.000000000000000000e+00 0.000000000000000000e+00 1.000000000000000000e+00 0.000000000000000000e+00
5.072589203815180969e-01 8.617937036747116419e-01 0.000000000000000000e+00 -2.860669999999999824e+00 -8.617937036747116419e-01 5.072589203815180969e-01 0.000000000000000000e+00 -6.592509299999999683e+00 0.000000000000000000e+00 0.000000000000000000e+00 1.000000000000000000e+00 0.000000000000000000e+00
5.382157429369522905e-01 8.428071037045336000e-01 0.000000000000000000e+00 -2.492308599999999874e+00 -8.428071037045336000e-01 5.382157429369522905e-01 0.000000000000000000e+00 -6.215048999999999602e+00 0.000000000000000000e+00 0.000000000000000000e+00 1.000000000000000000e+00 0.000000000000000000e+00
7.266265457557481433e-01 6.870326506091756213e-01 0.000000000000000000e+00 -2.200600399999999901e+00 -6.870326506091756213e-01 7.266265457557481433e-01 0.000000000000000000e+00 -5.921012400000000397e+00 0.000000000000000000e+00 0.000000000000000000e+00 1.000000000000000000e+00 0.000000000000000000e+00
8.612105186489826814e-01 5.082484063608564417e-01 0.000000000000000000e+00 -1.678399600000000103e+00 -5.082484063608564417e-01 8.612105186489826814e-01 0.000000000000000000e+00 -5.472157000000000160e+00 0.000000000000000000e+00 0.000000000000000000e+00 1.000000000000000000e+00 0.000000000000000000e+00
9.336007624102571345e-01 3.583149681871895531e-01 0.000000000000000000e+00 -1.533724499999999935e+00 -3.583149681871895531e-01 9.336007624102571345e-01 0.000000000000000000e+00 -4.896620999999999668e+00 0.000000000000000000e+00 0.000000000000000000e+00 1.000000000000000000e+00 0.000000000000000000e+00
9.354180345885220182e-01 3.535436331862684134e-01 0.000000000000000000e+00 -1.354757800000000012e+00 -3.535436331862684134e-01 9.354180345885220182e-01 0.000000000000000000e+00 -4.259955399999999948e+00 0.000000000000000000e+00 0.000000000000000000e+00 1.000000000000000000e+00 0.000000000000000000e+00
9.409928731912772237e-01 3.384263769318591741e-01 0.000000000000000000e+00 -1.172371400000000063e+00 -3.384263769318591741e-01 9.409928731912772237e-01 0.000000000000000000e+00 -3.794477200000000217e+00 0.000000000000000000e+00 0.000000000000000000e+00 1.000000000000000000e+00 0.000000000000000000e+00
8.907223812178964861e-01 4.545477308243001113e-01 0.000000000000000000e+00 -1.138416499999999942e+00 -4.545477308243001113e-01 8.907223812178964861e-01 0.000000000000000000e+00 -3.262876299999999841e+00 0.000000000000000000e+00 0.000000000000000000e+00 1.000000000000000000e+00 0.000000000000000000e+00
9.205775272426310885e-01 3.905598754811390738e-01 0.000000000000000000e+00 -9.291247000000000256e-01 -3.905598754811390738e-01 9.205775272426310885e-01 0.000000000000000000e+00 -2.818469299999999844e+00 0.000000000000000000e+00 0.000000000000000000e+00 1.000000000000000000e+00 0.000000000000000000e+00
8.813885707325667118e-01 4.723919848833203483e-01 0.000000000000000000e+00 -7.475229500000000193e-01 -4.723919848833203483e-01 8.813885707325667118e-01 0.000000000000000000e+00 -2.580903800000000192e+00 0.000000000000000000e+00 0.000000000000000000e+00 1.000000000000000000e+00 0.000000000000000000e+00
8.583911115195336228e-01 5.129958086225068215e-01 0.000000000000000000e+00 -6.832243999999999540e-01 -5.129958086225068215e-01 8.583911115195336228e-01 0.000000000000000000e+00 -2.152351599999999809e+00 0.000000000000000000e+00 0.000000000000000000e+00 1.000000000000000000e+00 0.000000000000000000e+00
8.149998487808287617e-01 5.794611690935175252e-01 0.000000000000000000e+00 -2.759703000000000017e-01 -5.794611690935175252e-01 8.149998487808287617e-01 0.000000000000000000e+00 -1.788459299999999974e+00 0.000000000000000000e+00 0.000000000000000000e+00 1.000000000000000000e+00 0.000000000000000000e+00
7.713890936358196448e-01 6.363637844972863666e-01 0.000000000000000000e+00 5.609320000000000278e-02 -6.363637844972863666e-01 7.713890936358196448e-01 0.000000000000000000e+00 -1.296185499999999990e+00 0.000000000000000000e+00 0.000000000000000000e+00 1.000000000000000000e+00 0.000000000000000000e+00
6.910557232089689084e-01 7.228014854855576710e-01 0.000000000000000000e+00 2.229804099999999900e-01 -7.228014854855576710e-01 6.910557232089689084e-01 0.000000000000000000e+00 -9.202542000000000222e-01 0.000000000000000000e+00 0.000000000000000000e+00 1.000000000000000000e+00 0.000000000000000000e+00
8.157679024344275387e-01 5.783793991470774776e-01 0.000000000000000000e+00 5.860781699999999539e-01 -5.783793991470774776e-01 8.157679024344275387e-01 0.000000000000000000e+00 -5.022159000000000484e-01 0.000000000000000000e+00 0.000000000000000000e+00 1.000000000000000000e+00 0.000000000000000000e+00
7.390854298702883574e-01 6.736117036939389680e-01 0.000000000000000000e+00 8.321922999999999959e-01 -6.736117036939389680e-01 7.390854298702883574e-01 0.000000000000000000e+00 -1.715029299999999979e-01 0.000000000000000000e+00 0.000000000000000000e+00 1.000000000000000000e+00 0.000000000000000000e+00
-7.775387874635332208e-01 6.288349815251521591e-01 0.000000000000000000e+00 7.060286399999999851e-01 -6.288349815251521591e-01 -7.775387874635332208e-01 0.000000000000000000e+00 -1.612019399999999880e-01 0.000000000000000000e+00 0.000000000000000000e+00 1.000000000000000000e+00 0.000000000000000000e+00
7.580836741725052175e-01 6.521572992408464220e-01 0.000000000000000000e+00 9.221638399999999569e-01 -6.521572992408464220e-01 7.580836741725052175e-01 0.000000000000000000e+00 2.135657499999999986e-01 0.000000000000000000e+00 0.000000000000000000e+00 1.000000000000000000e+00 0.000000000000000000e+00
8.239170714473288415e-01 5.667103840390232961e-01 0.000000000000000000e+00 1.194009499999999946e+00 -5.667103840390232961e-01 8.239170714473288415e-01 0.000000000000000000e+00 5.075439000000000478e-01 0.000000000000000000e+00 0.000000000000000000e+00 1.000000000000000000e+00 0.000000000000000000e+00
8.739437572582066105e-01 4.860270662724544555e-01 0.000000000000000000e+00 1.495293599999999890e+00 -4.860270662724544555e-01 8.739437572582066105e-01 0.000000000000000000e+00 9.525306999999999524e-01 0.000000000000000000e+00 0.000000000000000000e+00 1.000000000000000000e+00 0.000000000000000000e+00
9.469923237734547694e-01 3.212561886005501632e-01 0.000000000000000000e+00 1.636414899999999895e+00 -3.212561886005501632e-01 9.469923237734547694e-01 0.000000000000000000e+00 1.453087900000000099e+00 0.000000000000000000e+00 0.000000000000000000e+00 1.000000000000000000e+00 0.000000000000000000e+00
9.786339683363013409e-01 2.056102040715466206e-01 0.000000000000000000e+00 1.586933099999999985e+00 -2.056102040715466206e-01 9.786339683363013409e-01 0.000000000000000000e+00 1.974189600000000100e+00 0.000000000000000000e+00 0.000000000000000000e+00 1.000000000000000000e+00 0.000000000000000000e+00
9.831151874803136792e-01 1.829877814105291267e-01 0.000000000000000000e+00 1.706838999999999995e+00 -1.829877814105291267e-01 9.831151874803136792e-01 0.000000000000000000e+00 2.635136999999999841e+00 0.000000000000000000e+00 0.000000000000000000e+00 1.000000000000000000e+00 0.000000000000000000e+00
9.970010333846371919e-01 7.738823831801314168e-02 0.000000000000000000e+00 1.725439900000000026e+00 -7.738823831801314168e-02 9.970010333846371919e-01 0.000000000000000000e+00 3.209453799999999912e+00 0.000000000000000000e+00 0.000000000000000000e+00 1.000000000000000000e+00 0.000000000000000000e+00
9.905689802915643716e-01 -1.370149454772374431e-01 0.000000000000000000e+00 1.516627299999999900e+00 1.370149454772374431e-01 9.905689802915643716e-01 0.000000000000000000e+00 3.543320399999999815e+00 0.000000000000000000e+00 0.000000000000000000e+00 1.000000000000000000e+00 0.000000000000000000e+00
9.282553519389402652e-01 -3.719435462495810363e-01 0.000000000000000000e+00 1.222129000000000021e+00 3.719435462495810363e-01 9.282553519389402652e-01 0.000000000000000000e+00 4.006813000000000180e+00 0.000000000000000000e+00 0.000000000000000000e+00 1.000000000000000000e+00 0.000000000000000000e+00
-7.998332579357995131e-01 6.002222584175005426e-01 0.000000000000000000e+00 9.871948400000000179e-01 -6.002222584175005426e-01 -7.998332579357995131e-01 0.000000000000000000e+00 4.501560699999999748e+00 0.000000000000000000e+00 0.000000000000000000e+00 1.000000000000000000e+00 0.000000000000000000e+00
-6.973327237632480635e-01 7.167475653038032357e-01 0.000000000000000000e+00 3.220234000000000152e-01 -7.167475653038032357e-01 -6.973327237632480635e-01 0.000000000000000000e+00 4.994755299999999565e+00 0.000000000000000000e+00 0.000000000000000000e+00 1.000000000000000000e+00 0.000000000000000000e+00
-4.668985876988045458e-01 8.843108666101879844e-01 0.000000000000000000e+00 -2.586297399999999969e-01 -8.843108666101879844e-01 -4.668985876988045458e-01 0.000000000000000000e+00 5.264965000000000117e+00 0.000000000000000000e+00 0.000000000000000000e+00 1.000000000000000000e+00 0.000000000000000000e+00
-2.840614055454919185e-01 9.588060898218782047e-01 0.000000000000000000e+00 -8.803224600000000288e-01 -9.588060898218782047e-01 -2.840614055454919185e-01 0.000000000000000000e+00 5.716039999999999566e+00 0.000000000000000000e+00 0.000000000000000000e+00 1.000000000000000000e+00 0.000000000000000000e+00
-4.534481232540553408e-02 9.989713949834467810e-01 0.000000000000000000e+00 -1.562125200000000103e+00 -9.989713949834467810e-01 -4.534481232540553408e-02 0.000000000000000000e+00 5.875111600000000323e+00 0.000000000000000000e+00 0.000000000000000000e+00 1.000000000000000000e+00 0.000000000000000000e+00
3.669755476241334247e-01 9.302305883198892511e-01 0.000000000000000000e+00 -2.510241000000000167e+00 -9.302305883198892511e-01 3.669755476241334247e-01 0.000000000000000000e+00 5.961479699999999937e+00 0.000000000000000000e+00 0.000000000000000000e+00 1.000000000000000000e+00 0.000000000000000000e+00
6.958127791556959485e-01 7.182232078982317969e-01 0.000000000000000000e+00 -3.423383700000000029e+00 -7.182232078982317969e-01 6.958127791556959485e-01 0.000000000000000000e+00 6.005551299999999593e+00 0.000000000000000000e+00 0.000000000000000000e+00 1.000000000000000000e+00 0.000000000000000000e+00
9.930101209189838851e-01 -1.180292326183007279e-01 0.000000000000000000e+00 -4.356419599999999726e+00 1.180292326183007279e-01 9.930101209189838851e-01 0.000000000000000000e+00 5.744807999999999915e+00 0.000000000000000000e+00 0.000000000000000000e+00 1.000000000000000000e+00 0.000000000000000000e+00
4.027277632059469425e-01 -9.153198068124248632e-01 0.000000000000000000e+00 -5.178906399999999799e+00 9.153198068124248632e-01 4.027277632059469425e-01 0.000000000000000000e+00 5.337121999999999922e+00 0.000000000000000000e+00 0.000000000000000000e+00 1.000000000000000000e+00 0.000000000000000000e+00
-7.909530270972366939e-01 -6.118768739915881882e-01 0.000000000000000000e+00 -5.620502499999999735e+00 6.118768739915881882e-01 -7.909530270972366939e-01 0.000000000000000000e+00 5.196225600000000000e+00 0.000000000000000000e+00 0.000000000000000000e+00 1.000000000000000000e+00 0.000000000000000000e+00
-6.535776954530119198e-01 7.568594294889441354e-01 0.000000000000000000e+00 -6.662326000000000192e+00 -7.568594294889441354e-01 -6.535776954530119198e-01 0.000000000000000000e+00 5.135887000000000313e+00 0.000000000000000000e+00 0.000000000000000000e+00 1.000000000000000000e+00 0.000000000000000000e+00
-9.890222083267038444e-01 1.477669497437434920e-01 0.000000000000000000e+00 -6.868971000000000160e+00 -1.477669497437434920e-01 -9.890222083267038444e-01 0.000000000000000000e+00 4.740575999999999901e+00 0.000000000000000000e+00 0.000000000000000000e+00 1.000000000000000000e+00 0.000000000000000000e+00
-9.795854308571916302e-01 2.010283155486564666e-01 0.000000000000000000e+00 -6.687737499999999891e+00 -2.010283155486564666e-01 -9.795854308571916302e-01 0.000000000000000000e+00 4.440760599999999947e+00 0.000000000000000000e+00 0.000000000000000000e+00 1.000000000000000000e+00 0.000000000000000000e+00
-9.098587808315536929e-01 -4.149180629277529064e-01 0.000000000000000000e+00 -7.024034000000000333e+00 4.149180629277529064e-01 -9.098587808315536929e-01 0.000000000000000000e+00 4.287831999999999866e+00 0.000000000000000000e+00 0.000000000000000000e+00 1.000000000000000000e+00 0.000000000000000000e+00
-6.649859311330972300e-01 -7.468558839528866011e-01 0.000000000000000000e+00 -7.250255000000000116e+00 7.468558839528866011e-01 -6.649859311330972300e-01 0.000000000000000000e+00 3.921281800000000040e+00 0.000000000000000000e+00 0.000000000000000000e+00 1.000000000000000000e+00 0.000000000000000000e+00
5.378974485073519940e-01 -8.430102816035404123e-01 0.000000000000000000e+00 -7.505770700000000240e+00 8.430102816035404123e-01 5.378974485073519940e-01 0.000000000000000000e+00 3.907473599999999880e+00 0.000000000000000000e+00 0.000000000000000000e+00 1.000000000000000000e+00 0.000000000000000000e+00
6.816051159671228099e-01 -7.317202101127486813e-01 0.000000000000000000e+00 -8.015368000000000492e+00 7.317202101127486813e-01 6.816051159671228099e-01 0.000000000000000000e+00 3.167260199999999859e+00 0.000000000000000000e+00 0.000000000000000000e+00 1.000000000000000000e+00 0.000000000000000000e+00
7.533240679166659515e-01 -6.576494877193218569e-01 0.000000000000000000e+00 -7.454787699999999795e+00 6.576494877193218569e-01 7.533240679166659515e-01 0.000000000000000000e+00 2.761360199999999931e+00 0.000000000000000000e+00 0.000000000000000000e+00 1.000000000000000000e+00 0.000000000000000000e+00
7.959845934589915295e-01 -6.053168814562533973e-01 0.000000000000000000e+00 -7.164417000000000257e+00 6.053168814562533973e-01 7.959845934589915295e-01 0.000000000000000000e+00 2.465515400000000135e+00 0.000000000000000000e+00 0.000000000000000000e+00 1.000000000000000000e+00 0.000000000000000000e+00
7.605121011532129938e-01 -6.493237589981789570e-01 0.000000000000000000e+00 -6.865540499999999824e+00 6.493237589981789570e-01 7.605121011532129938e-01 0.000000000000000000e+00 1.966582800000000075e+00 0.000000000000000000e+00 0.000000000000000000e+00 1.000000000000000000e+00 0.000000000000000000e+00
8.393231752405211354e-01 -5.436327873704541735e-01 0.000000000000000000e+00 -6.536681699999999928e+00 5.436327873704541735e-01 8.393231752405211354e-01 0.000000000000000000e+00 1.415866599999999975e+00 0.000000000000000000e+00 0.000000000000000000e+00 1.000000000000000000e+00 0.000000000000000000e+00
8.988007525443749701e-01 -4.383573966818231082e-01 0.000000000000000000e+00 -6.290018599999999793e+00 4.383573966818231082e-01 8.988007525443749701e-01 0.000000000000000000e+00 1.100515600000000038e+00 0.000000000000000000e+00 0.000000000000000000e+00 1.000000000000000000e+00 0.000000000000000000e+00
8.963449058901831190e-01 -4.433574288141778341e-01 0.000000000000000000e+00 -6.146162499999999973e+00 4.433574288141778341e-01 8.963449058901831190e-01 0.000000000000000000e+00 6.023335499999999954e-01 0.000000000000000000e+00 0.000000000000000000e+00 1.000000000000000000e+00 0.000000000000000000e+00
9.228274263035272096e-01 -3.852136306804420651e-01 0.000000000000000000e+00 -6.755139999999999922e+00 3.852136306804420651e-01 9.228274263035272096e-01 0.000000000000000000e+00 2.801697300000000057e-01 0.000000000000000000e+00 0.000000000000000000e+00 1.000000000000000000e+00 0.000000000000000000e+00
7.478045050863580956e-01 -6.639189876577917815e-01 0.000000000000000000e+00 -7.258400400000000197e+00 6.639189876577917815e-01 7.478045050863580956e-01 0.000000000000000000e+00 -2.286016999999999910e-01 0.000000000000000000e+00 0.000000000000000000e+00 1.000000000000000000e+00 0.000000000000000000e+00
6.904963468655214154e-01 -7.233358797718868471e-01 0.000000000000000000e+00 -7.886594999999999800e+00 7.233358797718868471e-01 6.904963468655214154e-01 0.000000000000000000e+00 -6.877885000000000248e-01 0.000000000000000000e+00 0.000000000000000000e+00 1.000000000000000000e+00 0.000000000000000000e+00
5.132731510051294910e-01 -8.582253040182779014e-01 0.000000000000000000e+00 -8.126426999999999623e+00 8.582253040182779014e-01 5.132731510051294910e-01 0.000000000000000000e+00 -1.043360700000000030e+00 0.000000000000000000e+00 0.000000000000000000e+00 1.000000000000000000e+00 0.000000000000000000e+00
7.771389137109794287e-01 -6.293290941916787062e-01 0.000000000000000000e+00 -8.398087999999999553e+00 6.293290941916787062e-01 7.771389137109794287e-01 0.000000000000000000e+00 -1.240423000000000053e+00 0.000000000000000000e+00 0.000000000000000000e+00 1.000000000000000000e+00 0.000000000000000000e+00
4.492854158719241653e-01 -8.933882778975735794e-01 0.000000000000000000e+00 -8.478989000000000331e+00 8.933882778975735794e-01 4.492854158719241653e-01 0.000000000000000000e+00 -1.851763400000000059e+00 0.000000000000000000e+00 0.000000000000000000e+00 1.000000000000000000e+00 0.000000000000000000e+00
4.118515600122746867e-01 -9.112509492535278977e-01 0.000000000000000000e+00 -8.716452000000000311e+00 9.112509492535278977e-01 4.118515600122746867e-01 0.000000000000000000e+00 -1.995023999999999909e+00 0.000000000000000000e+00 0.000000000000000000e+00 1.000000000000000000e+00 0.000000000000000000e+00
1.951530710487059672e-01 -9.807727967578723227e-01 0.000000000000000000e+00 -9.175055999999999656e+00 9.807727967578723227e-01 1.951530710487059672e-01 0.000000000000000000e+00 -2.265028000000000041e+00 0.000000000000000000e+00 0.000000000000000000e+00 1.000000000000000000e+00 0.000000000000000000e+00
1.995905246910951170e-01 -9.798793917893841021e-01 0.000000000000000000e+00 -9.274616999999999223e+00 9.798793917893841021e-01 1.995905246910951170e-01 0.000000000000000000e+00 -2.414090199999999964e+00 0.000000000000000000e+00 0.000000000000000000e+00 1.000000000000000000e+00 0.000000000000000000e+00
-1.061988385740812169e-01 -9.943449133401931483e-01 0.000000000000000000e+00 -9.135500000000000398e+00 9.943449133401931483e-01 -1.061988385740812169e-01 0.000000000000000000e+00 -2.545522000000000062e+00 0.000000000000000000e+00 0.000000000000000000e+00 1.000000000000000000e+00 0.000000000000000000e+00
-2.292912592530812477e-01 -9.733578573320997851e-01 0.000000000000000000e+00 -9.261549000000000476e+00 9.733578573320997851e-01 -2.292912592530812477e-01 0.000000000000000000e+00 -2.644879299999999933e+00 0.000000000000000000e+00 0.000000000000000000e+00 1.000000000000000000e+00 0.000000000000000000e+00
-6.564096619264205845e-01 -7.544046366040191298e-01 0.000000000000000000e+00 -8.970783000000000840e+00 7.544046366040191298e-01 -6.564096619264205845e-01 0.000000000000000000e+00 -2.974907200000000085e+00 0.000000000000000000e+00 0.000000000000000000e+00 1.000000000000000000e+00 0.000000000000000000e+00
-7.809032263395683238e-01 -6.246520240041273375e-01 0.000000000000000000e+00 -9.108458000000000609e+00 6.246520240041273375e-01 -7.809032263395683238e-01 0.000000000000000000e+00 -3.118972499999999926e+00 0.000000000000000000e+00 0.000000000000000000e+00 1.000000000000000000e+00 0.000000000000000000e+00
-9.659008305786604964e-01 -2.589123123519887493e-01 0.000000000000000000e+00 -8.845974999999999255e+00 2.589123123519887493e-01 -9.659008305786604964e-01 0.000000000000000000e+00 -3.384549400000000041e+00 0.000000000000000000e+00 0.000000000000000000e+00 1.000000000000000000e+00 0.000000000000000000e+00
-9.841367682117919680e-01 -1.774114467943082585e-01 0.000000000000000000e+00 -8.901792000000000371e+00 1.774114467943082585e-01 -9.841367682117919680e-01 0.000000000000000000e+00 -3.721945299999999790e+00 0.000000000000000000e+00 0.000000000000000000e+00 1.000000000000000000e+00 0.000000000000000000e+00
-9.883744915049446078e-01 1.520390230905941109e-01 0.000000000000000000e+00 -8.701539000000000357e+00 -1.520390230905941109e-01 -9.883744915049446078e-01 0.000000000000000000e+00 -3.973491699999999849e+00 0.000000000000000000e+00 0.000000000000000000e+00 1.000000000000000000e+00 0.000000000000000000e+00
-9.870314495534470156e-01 1.605269995745921829e-01 0.000000000000000000e+00 -8.660130999999999801e+00 -1.605269995745921829e-01 -9.870314495534470156e-01 0.000000000000000000e+00 -4.211001000000000438e+00 0.000000000000000000e+00 0.000000000000000000e+00 1.000000000000000000e+00 0.000000000000000000e+00
8.972851483748564005e-01 -4.414514271195777995e-01 0.000000000000000000e+00 -8.345442000000000249e+00 4.414514271195777995e-01 8.972851483748564005e-01 0.000000000000000000e+00 -4.340786500000000103e+00 0.000000000000000000e+00 0.000000000000000000e+00 1.000000000000000000e+00 0.000000000000000000e+00
9.159896060450358757e-01 -4.012019960287586118e-01 0.000000000000000000e+00 -8.291487000000000052e+00 4.012019960287586118e-01 9.159896060450358757e-01 0.000000000000000000e+00 -4.499830199999999891e+00 0.000000000000000000e+00 0.000000000000000000e+00 1.000000000000000000e+00 0.000000000000000000e+00
7.471003309746989673e-01 -6.647112872950896589e-01 0.000000000000000000e+00 -7.896069500000000296e+00 6.647112872950896589e-01 7.471003309746989673e-01 0.000000000000000000e+00 -4.540582699999999861e+00 0.000000000000000000e+00 0.000000000000000000e+00 1.000000000000000000e+00 0.000000000000000000e+00
5.667872751104577889e-01 -8.238641785955147512e-01 0.000000000000000000e+00 -7.907896000000000036e+00 8.238641785955147512e-01 5.667872751104577889e-01 0.000000000000000000e+00 -4.389263999999999832e+00 0.000000000000000000e+00 0.000000000000000000e+00 1.000000000000000000e+00 0.000000000000000000e+00
1.190881236458250919e-01 -9.928836884582789013e-01 0.000000000000000000e+00 -7.544424000000000241e+00 9.928836884582789013e-01 1.190881236458250919e-01 0.000000000000000000e+00 -4.532633999999999830e+00 0.000000000000000000e+00 0.000000000000000000e+00 1.000000000000000000e+00 0.000000000000000000e+00
2.905015529334590858e-03 -9.999957804334848044e-01 0.000000000000000000e+00 -7.371628799999999870e+00 9.999957804334848044e-01 2.905015529334590858e-03 0.000000000000000000e+00 -4.558836000000000332e+00 0.000000000000000000e+00 0.000000000000000000e+00 1.000000000000000000e+00 0.000000000000000000e+00
-5.618831882106045672e-01 -8.272165876034439647e-01 0.000000000000000000e+00 -7.414611999999999981e+00 8.272165876034439647e-01 -5.618831882106045672e-01 0.000000000000000000e+00 -4.629389299999999707e+00 0.000000000000000000e+00 0.000000000000000000e+00 1.000000000000000000e+00 0.000000000000000000e+00
-1.530283360990476182e-01 -9.882218011917957012e-01 0.000000000000000000e+00 -8.161238000000000881e+00 9.882218011917957012e-01 -1.530283360990476182e-01 0.000000000000000000e+00 -4.596860000000000390e+00 0.000000000000000000e+00 0.000000000000000000e+00 1.000000000000000000e+00 0.000000000000000000e+00
8.824966817170698530e-02 -9.960983867407795511e-01 0.000000000000000000e+00 -8.489423000000000386e+00 9.960983867407795511e-01 8.824966817170698530e-02 0.000000000000000000e+00 -4.199324599999999741e+00 0.000000000000000000e+00 0.000000000000000000e+00 1.000000000000000000e+00 0.000000000000000000e+00
-1.002059053970322938e-01 9.949667213146181632e-01 0.000000000000000000e+00 -9.246270000000000877e+00 -9.949667213146181632e-01 -1.002059053970322938e-01 0.000000000000000000e+00 -3.982214200000000037e+00 0.000000000000000000e+00 0.000000000000000000e+00 1.000000000000000000e+00 0.000000000000000000e+00
