9.997163970213275297e-01 2.381439746656235923e-02 0.000000000000000000e+00 -7.926582299999999748e+00 -2.381439746656235923e-02 9.997163970213275297e-01 0.000000000000000000e+00 4.959806000000000381e+00 0.000000000000000000e+00 0.000000000000000000e+00 1.000000000000000000e+00 0.000000000000000000e+00
5.994927258705259332e-01 8.003802044205781119e-01 0.000000000000000000e+00 -7.265852999999999895e+00 -8.003802044205781119e-01 5.994927258705259332e-01 0.000000000000000000e+00 4.510289700000000401e+00 0.000000000000000000e+00 0.000000000000000000e+00 1.000000000000000000e+00 0.000000000000000000e+00
-4.846987934024939437e-01 8.746811302835830748e-01 0.000000000000000000e+00 -6.973084400000000294e+00 -8.746811302835830748e-01 -4.846987934024939437e-01 0.000000000000000000e+00 4.233488999999999614e+00 0.000000000000000000e+00 0.000000000000000000e+00 1.000000000000000000e+00 0.000000000000000000e+00
-7.463554215738533726e-01 6.655475825869369144e-01 0.000000000000000000e+00 -6.950522999999999563e+00 -6.655475825869369144e-01 -7.463554215738533726e-01 0.000000000000000000e+00 4.012576000000000143e+00 0.000000000000000000e+00 0.000000000000000000e+00 1.000000000000000000e+00 0.000000000000000000e+00
-9.891761140892906257e-01 1.467331432063342656e-01 0.000000000000000000e+00 -6.937236000000000402e+00 -1.467331432063342656e-01 -9.891761140892906257e-01 0.000000000000000000e+00 3.968615499999999852e+00 0.000000000000000000e+00 0.000000000000000000e+00 1.000000000000000000e+00 0.000000000000000000e+00
-9.940607709644457834e-01 1.088263921554497998e-01 0.000000000000000000e+00 -6.995396000000000392e+00 -1.088263921554497998e-01 -9.940607709644457834e-01 0.000000000000000000e+00 3.636787700000000179e+00 0.000000000000000000e+00 0.000000000000000000e+00 1.000000000000000000e+00 0.000000000000000000e+00
-5.419849674973808984e-01 -8.403881811442037719e-01 0.000000000000000000e+00 -7.475087000000000259e+00 8.403881811442037719e-01 -5.419849674973808984e-01 0.000000000000000000e+00 3.503936299999999893e+00 0.000000000000000000e+00 0.000000000000000000e+00 1.000000000000000000e+00 0.000000000000000000e+00
-6.297415677174712512e-01 -7.768047102642603452e-01 0.000000000000000000e+00 -7.064307999999999588e+00 7.768047102642603452e-01 -6.297415677174712512e-01 0.000000000000000000e+00 2.830714700000000139e+00 0.000000000000000000e+00 0.000000000000000000e+00 1.000000000000000000e+00 0.000000000000000000e+00
-2.693374390541110053e-01 -9.630458680269455840e-01 0.000000000000000000e+00 -6.902853999999999601e+00 9.630458680269455840e-01 -2.693374390541110053e-01 0.000000000000000000e+00 2.526886699999999930e+00 0.000000000000000000e+00 0.000000000000000000e+00 1.000000000000000000e+00 0.000000000000000000e+00
-6.494809226029784055e-01 -7.603778870895602227e-01 0.000000000000000000e+00 -6.595326400000000255e+00 7.603778870895602227e-01 -6.494809226029784055e-01 0.000000000000000000e+00 1.680130099999999960e+00 0.000000000000000000e+00 0.000000000000000000e+00 1.000000000000000000e+00 0.000000000000000000e+00
-2.215232764086687012e-01 -9.751550840810750964e-01 0.000000000000000000e+00 -6.788233800000000429e+00 9.751550840810750964e-01 -2.215232764086687012e-01 0.000000000000000000e+00 1.371944700000000017e+00 0.000000000000000000e+00 0.000000000000000000e+00 1.000000000000000000e+00 0.000000000000000000e+00
-4.874247427145049216e-01 -8.731650016976737483e-01 0.000000000000000000e+00 -6.681607999999999770e+00 8.731650016976737483e-01 -4.874247427145049216e-01 0.000000000000000000e+00 5.205809999999999604e-01 0.000000000000000000e+00 0.000000000000000000e+00 1.000000000000000000e+00 0.000000000000000000e+00
-1.338946457279705515e-01 -9.909955720614402885e-01 0.000000000000000000e+00 -6.903149599999999886e+00 9.909955720614402885e-01 -1.338946457279705515e-01 0.000000000000000000e+00 3.893914199999999881e-01 0.000000000000000000e+00 0.000000000000000000e+00 1.000000000000000000e+00 0.000000000000000000e+00
-6.352805038974378427e-01 -7.722814780685973712e-01 0.000000000000000000e+00 -6.943101399999999757e+00 7.722814780685973712e-01 -6.352805038974378427e-01 0.000000000000000000e+00 -2.788053799999999915e-01 0.000000000000000000e+00 0.000000000000000000e+00 1.000000000000000000e+00 0.000000000000000000e+00
-5.192062806412611753e-01 -8.546489560882105652e-01 0.000000000000000000e+00 -7.734614999999999796e+00 8.546489560882105652e-01 -5.192062806412611753e-01 0.000000000000000000e+00 -4.173182200000000175e-01 0.000000000000000000e+00 0.000000000000000000e+00 1.000000000000000000e+00 0.000000000000000000e+00
-7.200008060168415769e-01 -6.939732266702357544e-01 0.000000000000000000e+00 -7.986387999999999820e+00 6.939732266702357544e-01 -7.200008060168415769e-01 0.000000000000000000e+00 -7.854596400000000145e-01 0.000000000000000000e+00 0.000000000000000000e+00 1.000000000000000000e+00 0.000000000000000000e+00
-6.894965161883616078e-01 -7.242889990632968011e-01 0.000000000000000000e+00 -8.536798499999999734e+00 7.242889990632968011e-01 -6.894965161883616078e-01 0.000000000000000000e+00 -1.184363400000000066e+00 0.000000000000000000e+00 0.000000000000000000e+00 1.000000000000000000e+00 0.000000000000000000e+00
-8.205446679426849910e-01 -5.715824069290699194e-01 0.000000000000000000e+00 -8.695744499999999988e+00 5.715824069290699194e-01 -8.205446679426849910e-01 0.000000000000000000e+00 -1.408129500000000034e+00 0.000000000000000000e+00 0.000000000000000000e+00 1.000000000000000000e+00 0.000000000000000000e+00
-5.848284717270468835e-01 -8.111569876771121956e-01 0.000000000000000000e+00 -9.009835000000000704e+00 8.111569876771121956e-01 -5.848284717270468835e-01 0.000000000000000000e+00 -1.635510900000000101e+00 0.000000000000000000e+00 0.000000000000000000e+00 1.000000000000000000e+00 0.000000000000000000e+00
-6.076429988873920385e-01 -7.942102907310738535e-01 0.000000000000000000e+00 -9.131660000000000110e+00 7.942102907310738535e-01 -6.076429988873920385e-01 0.000000000000000000e+00 -1.839641099999999918e+00 0.000000000000000000e+00 0.000000000000000000e+00 1.000000000000000000e+00 0.000000000000000000e+00
-6.963873118409360519e-01 -7.176661563059490989e-01 0.000000000000000000e+00 -9.498264000000000706e+00 7.176661563059490989e-01 -6.963873118409360519e-01 0.000000000000000000e+00 -2.313755500000000076e+00 0.000000000000000000e+00 0.000000000000000000e+00 1.000000000000000000e+00 0.000000000000000000e+00
-8.578985722103790179e-01 -5.138190730202539802e-01 0.000000000000000000e+00 -9.366524000000000072e+00 5.138190730202539802e-01 -8.578985722103790179e-01 0.000000000000000000e+00 -2.662380199999999864e+00 0.000000000000000000e+00 0.000000000000000000e+00 1.000000000000000000e+00 0.000000000000000000e+00
-8.723064833921315708e-01 -4.889595065361271309e-01 0.000000000000000000e+00 -9.586372000000000781e+00 4.889595065361271309e-01 -8.723064833921315708e-01 0.000000000000000000e+00 -2.756749000000000116e+00 0.000000000000000000e+00 0.000000000000000000e+00 1.000000000000000000e+00 0.000000000000000000e+00
-9.836339789116376187e-01 -1.801782326765920261e-01 0.000000000000000000e+00 -9.517270999999999148e+00 1.801782326765920261e-01 -9.836339789116376187e-01 0.000000000000000000e+00 -3.097316300000000133e+00 0.000000000000000000e+00 0.000000000000000000e+00 1.000000000000000000e+00 0.000000000000000000e+00
-9.783484348520712359e-01 -2.069645863970510924e-01 0.000000000000000000e+00 -9.770944999999999325e+00 2.069645863970510924e-01 -9.783484348520712359e-01 0.000000000000000000e+00 -3.275629499999999972e+00 0.000000000000000000e+00 0.000000000000000000e+00 1.000000000000000000e+00 0.000000000000000000e+00
-9.901683059836271505e-01 -1.398811131837107702e-01 0.000000000000000000e+00 -9.792590000000000572e+00 1.398811131837107702e-01 -9.901683059836271505e-01 0.000000000000000000e+00 -3.583701599999999932e+00 0.000000000000000000e+00 0.000000000000000000e+00 1.000000000000000000e+00 0.000000000000000000e+00
-9.714167563592177590e-01 -2.373804656338344699e-01 0.000000000000000000e+00 -1.021796400000000027e+01 2.373804656338344699e-01 -9.714167563592177590e-01 0.000000000000000000e+00 -3.831118599999999930e+00 0.000000000000000000e+00 0.000000000000000000e+00 1.000000000000000000e+00 0.000000000000000000e+00
-9.999872556117823663e-01 -5.048624962885460421e-03 0.000000000000000000e+00 -9.862664999999999793e+00 5.048624962885460421e-03 -9.999872556117823663e-01 0.000000000000000000e+00 -4.276173000000000002e+00 0.000000000000000000e+00 0.000000000000000000e+00 1.000000000000000000e+00 0.000000000000000000e+00
-9.942960981845431201e-01 1.066549067553547864e-01 0.000000000000000000e+00 -1.006683349999999955e+01 -1.066549067553547864e-01 -9.942960981845431201e-01 0.000000000000000000e+00 -4.435711999999999655e+00 0.000000000000000000e+00 0.000000000000000000e+00 1.000000000000000000e+00 0.000000000000000000e+00
-9.389288865321345767e-01 3.441112407863566314e-01 0.000000000000000000e+00 -9.656245000000000189e+00 -3.441112407863566314e-01 -9.389288865321345767e-01 0.000000000000000000e+00 -4.734160400000000379e+00 0.000000000000000000e+00 0.000000000000000000e+00 1.000000000000000000e+00 0.000000000000000000e+00
9.444286182503348615e-01 -3.287165724902888497e-01 0.000000000000000000e+00 -9.709606000000000847e+00 3.287165724902888497e-01 9.444286182503348615e-01 0.000000000000000000e+00 -4.966514000000000095e+00 0.000000000000000000e+00 0.000000000000000000e+00 1.000000000000000000e+00 0.000000000000000000e+00
8.858765341512340186e-01 -4.639210775985475044e-01 0.000000000000000000e+00 -9.252219999999999445e+00 4.639210775985475044e-01 8.858765341512340186e-01 0.000000000000000000e+00 -5.240777999999999714e+00 0.000000000000000000e+00 0.000000000000000000e+00 1.000000000000000000e+00 0.000000000000000000e+00
8.686713864670161378e-01 -4.953887587879562404e-01 0.000000000000000000e+00 -9.179278999999999300e+00 4.953887587879562404e-01 8.686713864670161378e-01 0.000000000000000000e+00 -5.274095499999999603e+00 0.000000000000000000e+00 0.000000000000000000e+00 1.000000000000000000e+00 0.000000000000000000e+00
5.828847572253472720e-01 -8.125548349461394482e-01 0.000000000000000000e+00 -8.450010000000000687e+00 8.125548349461394482e-01 5.828847572253472720e-01 0.000000000000000000e+00 -5.529461999999999655e+00 0.000000000000000000e+00 0.000000000000000000e+00 1.000000000000000000e+00 0.000000000000000000e+00
3.949181150580435284e-01 -9.187163231373446370e-01 0.000000000000000000e+00 -8.443706499999999338e+00 9.187163231373446370e-01 3.949181150580435284e-01 0.000000000000000000e+00 -5.716446999999999612e+00 0.000000000000000000e+00 0.000000000000000000e+00 1.000000000000000000e+00 0.000000000000000000e+00
4.974747745832910906e-02 -9.987618277079540752e-01 0.000000000000000000e+00 -8.013797999999999533e+00 9.987618277079540752e-01 4.974747745832910906e-02 0.000000000000000000e+00 -5.878772699999999851e+00 0.000000000000000000e+00 0.000000000000000000e+00 1.000000000000000000e+00 0.000000000000000000e+00
-2.859157928346534039e-01 -9.582547466137235626e-01 0.000000000000000000e+00 -7.953989499999999602e+00 9.582547466137235626e-01 -2.859157928346534039e-01 0.000000000000000000e+00 -6.043812800000000429e+00 0.000000000000000000e+00 0.000000000000000000e+00 1.000000000000000000e+00 0.000000000000000000e+00
-9.874339968032770365e-01 1.580319649852705288e-01 0.000000000000000000e+00 -6.828796399999999878e+00 -1.580319649852705288e-01 -9.874339968032770365e-01 0.000000000000000000e+00 -6.505654299999999779e+00 0.000000000000000000e+00 0.000000000000000000e+00 1.000000000000000000e+00 0.000000000000000000e+00
-5.123927313634031311e-01 8.587512380462408723e-01 0.000000000000000000e+00 -5.697798999999999836e+00 -8.587512380462408723e-01 -5.123927313634031311e-01 0.000000000000000000e+00 -7.149709699999999835e+00 0.000000000000000000e+00 0.000000000000000000e+00 1.000000000000000000e+00 0.000000000000000000e+00
1.495385184616751795e-01 9.887559008654700499e-01 0.000000000000000000e+00 -4.385585999999999984e+00 -9.887559008654700499e-01 1.495385184616751795e-01 0.000000000000000000e+00 -7.508005999999999958e+00 0.000000000000000000e+00 0.000000000000000000e+00 1.000000000000000000e+00 0.000000000000000000e+00
-1.611541533550696070e-01 -9.869292471380157750e-01 0.000000000000000000e+00 -4.589815999999999896e+00 9.869292471380157750e-01 -1.611541533550696070e-01 0.000000000000000000e+00 -7.497727399999999598e+00 0.000000000000000000e+00 0.000000000000000000e+00 1.000000000000000000e+00 0.000000000000000000e+00
3.457602946094373020e-01 9.383228754920105441e-01 0.000000000000000000e+00 -3.894512999999999892e+00 -9.383228754920105441e-01 3.457602946094373020e-01 0.000000000000000000e+00 -7.217230299999999765e+00 0.000000000000000000e+00 0.000000000000000000e+00 1.000000000000000000e+00 0.000000000000000000e+00
5.213262196722421304e-01 8.533574706312995195e-01 0.000000000000000000e+00 -3.521363700000000208e+00 -8.533574706312995195e-01 5.213262196722421304e-01 0.000000000000000000e+00 -6.977267699999999628e+00 0.000000000000000000e+00 0.000000000000000000e+00 1.000000000000000000e+00 0.000000000000000000e+00
6.026819948239866553e-01 7.979814616361585733e-01 0.000000000000000000e+00 -3.004629399999999784e+00 -7.979814616361585733e-01 6.026819948239866553e-01 0.000000000000000000e+00 -6.752541500000000418e+00 0.000000000000000000e+00 0.000000000000000000e+00 1.000000000000000000e+00 0.000000000000000000e+00
6.757735489777120241e-01 7.371092934579429601e-01 0.000000000000000000e+00 -2.534778600000000104e+00 -7.371092934579429601e-01 6.757735489777120241e-01 0.000000000000000000e+00 -6.469939000000000107e+00 0.000000000000000000e+00 0.000000000000000000e+00 1.000000000000000000e+00 0.000000000000000000e+00
6.990993653023871435e-01 7.150245292532274588e-01 0.000000000000000000e+00 -2.258675999999999906e+00 -7.150245292532274588e-01 6.990993653023871435e-01 0.000000000000000000e+00 -6.051016999999999868e+00 0.000000000000000000e+00 0.000000000000000000e+00 1.000000000000000000e+00 0.000000000000000000e+00
8.315584538647722290e-01 5.554372492064513223e-01 0.000000000000000000e+00 -2.037024499999999794e+00 -5.554372492064513223e-01 8.315584538647722290e-01 0.000000000000000000e+00 -5.724681000000000353e+00 0.000000000000000000e+00 0.000000000000000000e+00 1.000000000000000000e+00 0.000000000000000000e+00
9.170422818463764836e-01 3.987899864665497840e-01 0.000000000000000000e+00 -1.616059300000000087e+00 -3.987899864665497840e-01 9.170422818463764836e-01 0.000000000000000000e+00 -5.230527000000000371e+00 0.000000000000000000e+00 0.000000000000000000e+00 1.000000000000000000e+00 0.000000000000000000e+00
9.579136238992289609e-01 2.870565957232938947e-01 0.000000000000000000e+00 -1.543080199999999902e+00 -2.870565957232938947e-01 9.579136238992289609e-01 0.000000000000000000e+00 -4.677193599999999840e+00 0.000000000000000000e+00 0.000000000000000000e+00 1.000000000000000000e+00 0.000000000000000000e+00
9.474918192775783066e-01 3.197800062575283930e-01 0.000000000000000000e+00 -1.408142900000000086e+00 -3.197800062575283930e-01 9.474918192775783066e-01 0.000000000000000000e+00 -4.064112699999999911e+00 0.000000000000000000e+00 0.000000000000000000e+00 1.000000000000000000e+00 0.000000000000000000e+00
9.439013357412058269e-01 3.302276008845528299e-01 0.000000000000000000e+00 -1.236214799999999947e+00 -3.302276008845528299e-01 9.439013357412058269e-01 0.000000000000000000e+00 -3.624828599999999845e+00 0.000000000000000000e+00 0.000000000000000000e+00 1.000000000000000000e+00 0.000000000000000000e+00
8.857241413684211473e-01 4.642119617127214437e-01 0.000000000000000000e+00 -1.200223800000000063e+00 -4.642119617127214437e-01 8.857241413684211473e-01 0.000000000000000000e+00 -3.121992800000000123e+00 0.000000000000000000e+00 0.000000000000000000e+00 1.000000000000000000e+00 0.000000000000000000e+00
9.123474773010583627e-01 4.094167566946849690e-01 0.000000000000000000e+00 -9.809419000000000333e-01 -4.094167566946849690e-01 9.123474773010583627e-01 0.000000000000000000e+00 -2.704846400000000095e+00 0.000000000000000000e+00 0.000000000000000000e+00 1.000000000000000000e+00 0.000000000000000000e+00
8.694345464059454187e-01 4.940481449371993961e-01 0.000000000000000000e+00 -7.912723000000000395e-01 -4.940481449371993961e-01 8.694345464059454187e-01 0.000000000000000000e+00 -2.491418100000000191e+00 0.000000000000000000e+00 0.000000000000000000e+00 1.000000000000000000e+00 0.000000000000000000e+00
8.441928622080105971e-01 5.360395614103933282e-01 0.000000000000000000e+00 -7.150851499999999472e-01 -5.360395614103933282e-01 8.441928622080105971e-01 0.000000000000000000e+00 -2.080491299999999821e+00 0.000000000000000000e+00 0.000000000000000000e+00 1.000000000000000000e+00 0.000000000000000000e+00
8.000872411250927740e-01 5.998836608783719715e-01 0.000000000000000000e+00 -2.986912700000000087e-01 -5.998836608783719715e-01 8.000872411250927740e-01 0.000000000000000000e+00 -1.739697800000000072e+00 0.000000000000000000e+00 0.000000000000000000e+00 1.000000000000000000e+00 0.000000000000000000e+00
7.569301293465637848e-01 6.534958142845248563e-01 0.000000000000000000e+00 4.371256999999999920e-02 -6.534958142845248563e-01 7.569301293465637848e-01 0.000000000000000000e+00 -1.264872999999999914e+00 0.000000000000000000e+00 0.000000000000000000e+00 1.000000000000000000e+00 0.000000000000000000e+00
6.759740177048452203e-01 7.369254557877408240e-01 0.000000000000000000e+00 2.160394499999999940e-01 -7.369254557877408240e-01 6.759740177048452203e-01 0.000000000000000000e+00 -8.994843000000000144e-01 0.000000000000000000e+00 0.000000000000000000e+00 1.000000000000000000e+00 0.000000000000000000e+00
8.041929166256671646e-01 5.943683646099469087e-01 0.000000000000000000e+00 5.840568499999999608e-01 -5.943683646099469087e-01 8.041929166256671646e-01 0.000000000000000000e+00 -4.942542600000000008e-01 0.000000000000000000e+00 0.000000000000000000e+00 1.000000000000000000e+00 0.000000000000000000e+00
7.252662434489384191e-01 6.884685004511572615e-01 0.000000000000000000e+00 8.327175399999999783e-01 -6.884685004511572615e-01 7.252662434489384191e-01 0.000000000000000000e+00 -1.730539200000000000e-01 0.000000000000000000e+00 0.000000000000000000e+00 1.000000000000000000e+00 0.000000000000000000e+00
-7.917828510612042736e-01 6.108026823495381619e-01 0.000000000000000000e+00 7.028151000000000259e-01 -6.108026823495381619e-01 -7.917828510612042736e-01 0.000000000000000000e+00 -1.648241099999999959e-01 0.000000000000000000e+00 0.000000000000000000e+00 1.000000000000000000e+00 0.000000000000000000e+00
7.396442729421986995e-01 6.729980308320421267e-01 0.000000000000000000e+00 9.231418999999999597e-01 -6.729980308320421267e-01 7.396442729421986995e-01 0.000000000000000000e+00 1.999648800000000115e-01 0.000000000000000000e+00 0.000000000000000000e+00 1.000000000000000000e+00 0.000000000000000000e+00
8.040304457198951260e-01 5.945881283337792755e-01 0.000000000000000000e+00 1.198668800000000090e+00 -5.945881283337792755e-01 8.040304457198951260e-01 0.000000000000000000e+00 4.803975200000000223e-01 0.000000000000000000e+00 0.000000000000000000e+00 1.000000000000000000e+00 0.000000000000000000e+00
8.526349505899164516e-01 5.225070727105335378e-01 0.000000000000000000e+00 1.510822399999999899e+00 -5.225070727105335378e-01 8.526349505899164516e-01 0.000000000000000000e+00 9.069341400000000553e-01 0.000000000000000000e+00 0.000000000000000000e+00 1.000000000000000000e+00 0.000000000000000000e+00
9.287824698645456012e-01 3.706253143975927200e-01 0.000000000000000000e+00 1.669743900000000059e+00 -3.706253143975927200e-01 9.287824698645456012e-01 0.000000000000000000e+00 1.389903899999999970e+00 0.000000000000000000e+00 0.000000000000000000e+00 1.000000000000000000e+00 0.000000000000000000e+00
9.627121739467309203e-01 2.705277622255417569e-01 0.000000000000000000e+00 1.646618399999999927e+00 -2.705277622255417569e-01 9.627121739467309203e-01 0.000000000000000000e+00 1.897178299999999984e+00 0.000000000000000000e+00 0.000000000000000000e+00 1.000000000000000000e+00 0.000000000000000000e+00
9.655024325867427315e-01 2.603940334744296314e-01 0.000000000000000000e+00 1.812299099999999941e+00 -2.603940334744296314e-01 9.655024325867427315e-01 0.000000000000000000e+00 2.527215700000000176e+00 0.000000000000000000e+00 0.000000000000000000e+00 1.000000000000000000e+00 0.000000000000000000e+00
9.861872544603665913e-01 1.656342329952482373e-01 0.000000000000000000e+00 1.883935700000000102e+00 -1.656342329952482373e-01 9.861872544603665913e-01 0.000000000000000000e+00 3.069417500000000132e+00 0.000000000000000000e+00 0.000000000000000000e+00 1.000000000000000000e+00 0.000000000000000000e+00
9.993934861706433859e-01 -3.482326520715813001e-02 0.000000000000000000e+00 1.721679399999999971e+00 3.482326520715813001e-02 9.993934861706433859e-01 0.000000000000000000e+00 3.382995800000000219e+00 0.000000000000000000e+00 0.000000000000000000e+00 1.000000000000000000e+00 0.000000000000000000e+00
9.653324467213989513e-01 -2.610234995299797744e-01 0.000000000000000000e+00 1.501578000000000079e+00 2.610234995299797744e-01 9.653324467213989513e-01 0.000000000000000000e+00 3.825746000000000091e+00 0.000000000000000000e+00 0.000000000000000000e+00 1.000000000000000000e+00 0.000000000000000000e+00
-8.675149460477910024e-01 4.974111160636623952e-01 0.000000000000000000e+00 1.361719300000000077e+00 -4.974111160636623952e-01 -8.675149460477910024e-01 0.000000000000000000e+00 4.284311299999999711e+00 0.000000000000000000e+00 0.000000000000000000e+00 1.000000000000000000e+00 0.000000000000000000e+00
-7.878359694262824231e-01 6.158851234427974441e-01 0.000000000000000000e+00 8.135975600000000529e-01 -6.158851234427974441e-01 -7.878359694262824231e-01 0.000000000000000000e+00 4.782476400000000183e+00 0.000000000000000000e+00 0.000000000000000000e+00 1.000000000000000000e+00 0.000000000000000000e+00
-6.027326910065873289e-01 7.979431704024777527e-01 0.000000000000000000e+00 3.395552000000000015e-01 -7.979431704024777527e-01 -6.027326910065873289e-01 0.000000000000000000e+00 5.045524999999999594e+00 0.000000000000000000e+00 0.000000000000000000e+00 1.000000000000000000e+00 0.000000000000000000e+00
-4.493685404991097365e-01 8.933464696352138024e-01 0.000000000000000000e+00 -1.278180999999999901e-01 -8.933464696352138024e-01 -4.493685404991097365e-01 0.000000000000000000e+00 5.490408399999999745e+00 0.000000000000000000e+00 0.000000000000000000e+00 1.000000000000000000e+00 0.000000000000000000e+00
-2.557006392125482641e-01 9.667560101216305934e-01 0.000000000000000000e+00 -6.893933399999999656e-01 -9.667560101216305934e-01 -2.557006392125482641e-01 0.000000000000000000e+00 5.659265999999999686e+00 0.000000000000000000e+00 0.000000000000000000e+00 1.000000000000000000e+00 0.000000000000000000e+00
9.942608739262304152e-02 9.950449503142029251e-01 0.000000000000000000e+00 -1.518777800000000067e+00 -9.950449503142029251e-01 9.942608739262304152e-02 0.000000000000000000e+00 5.817057600000000050e+00 0.000000000000000000e+00 0.000000000000000000e+00 1.000000000000000000e+00 0.000000000000000000e+00
3.972502994899970719e-01 9.177103026310141631e-01 0.000000000000000000e+00 -2.340203499999999881e+00 -9.177103026310141631e-01 3.972502994899970719e-01 0.000000000000000000e+00 5.948726999999999876e+00 0.000000000000000000e+00 0.000000000000000000e+00 1.000000000000000000e+00 0.000000000000000000e+00
9.352432699029961105e-01 3.540056865378740647e-01 0.000000000000000000e+00 -3.319141600000000025e+00 -3.540056865378740647e-01 9.352432699029961105e-01 0.000000000000000000e+00 5.828632400000000047e+00 0.000000000000000000e+00 0.000000000000000000e+00 1.000000000000000000e+00 0.000000000000000000e+00
8.527793314742304620e-01 -5.222713966994215751e-01 0.000000000000000000e+00 -4.362991300000000017e+00 5.222713966994215751e-01 8.527793314742304620e-01 0.000000000000000000e+00 5.549968699999999977e+00 0.000000000000000000e+00 0.000000000000000000e+00 1.000000000000000000e+00 0.000000000000000000e+00
-3.369374799304387103e-01 -9.415270227763646860e-01 0.000000000000000000e+00 -5.125240299999999749e+00 9.415270227763646860e-01 -3.369374799304387103e-01 0.000000000000000000e+00 5.264264999999999972e+00 0.000000000000000000e+00 0.000000000000000000e+00 1.000000000000000000e+00 0.000000000000000000e+00
-9.105154865702018707e-01 4.134749674597344438e-01 0.000000000000000000e+00 -6.424893400000000199e+00 -4.134749674597344438e-01 -9.105154865702018707e-01 0.000000000000000000e+00 5.245078600000000257e+00 0.000000000000000000e+00 0.000000000000000000e+00 1.000000000000000000e+00 0.000000000000000000e+00
-9.362614368192286873e-01 -3.513040306133611845e-01 0.000000000000000000e+00 -6.381336700000000306e+00 3.513040306133611845e-01 -9.362614368192286873e-01 0.000000000000000000e+00 4.971281000000000283e+00 0.000000000000000000e+00 0.000000000000000000e+00 1.000000000000000000e+00 0.000000000000000000e+00
-9.798797856205183621e-01 -1.995885911876900953e-01 0.000000000000000000e+00 -6.053529300000000113e+00 1.995885911876900953e-01 -9.798797856205183621e-01 0.000000000000000000e+00 4.512959000000000387e+00 0.000000000000000000e+00 0.000000000000000000e+00 1.000000000000000000e+00 0.000000000000000000e+00
-6.755640694466442664e-01 -7.373012871768837018e-01 0.000000000000000000e+00 -6.206389399999999945e+00 7.373012871768837018e-01 -6.755640694466442664e-01 0.000000000000000000e+00 4.447373400000000032e+00 0.000000000000000000e+00 0.000000000000000000e+00 1.000000000000000000e+00 0.000000000000000000e+00
-4.764902323096682490e-01 -8.791797646178387549e-01 0.000000000000000000e+00 -6.455938999999999872e+00 8.791797646178387549e-01 -4.764902323096682490e-01 0.000000000000000000e+00 4.055968000000000018e+00 0.000000000000000000e+00 0.000000000000000000e+00 1.000000000000000000e+00 0.000000000000000000e+00
7.011067382429112538e-01 -7.130563383004080436e-01 0.000000000000000000e+00 -6.738914499999999919e+00 7.130563383004080436e-01 7.011067382429112538e-01 0.000000000000000000e+00 4.055945399999999701e+00 0.000000000000000000e+00 0.000000000000000000e+00 1.000000000000000000e+00 0.000000000000000000e+00
8.125621864780461223e-01 -5.828745088833590104e-01 0.000000000000000000e+00 -7.543276999999999788e+00 5.828745088833590104e-01 8.125621864780461223e-01 0.000000000000000000e+00 3.333146000000000164e+00 0.000000000000000000e+00 0.000000000000000000e+00 1.000000000000000000e+00 0.000000000000000000e+00
8.610106015036028682e-01 -5.085870074022771359e-01 0.000000000000000000e+00 -7.057008999999999865e+00 5.085870074022771359e-01 8.610106015036028682e-01 0.000000000000000000e+00 2.819100900000000021e+00 0.000000000000000000e+00 0.000000000000000000e+00 1.000000000000000000e+00 0.000000000000000000e+00
8.895887498993892972e-01 -4.567623627800804220e-01 0.000000000000000000e+00 -6.809250999999999721e+00 4.567623627800804220e-01 8.895887498993892972e-01 0.000000000000000000e+00 2.472825499999999899e+00 0.000000000000000000e+00 0.000000000000000000e+00 1.000000000000000000e+00 0.000000000000000000e+00
8.576715033981849867e-01 -5.141980088046793629e-01 0.000000000000000000e+00 -6.586766199999999571e+00 5.141980088046793629e-01 8.576715033981849867e-01 0.000000000000000000e+00 1.922072400000000014e+00 0.000000000000000000e+00 0.000000000000000000e+00 1.000000000000000000e+00 0.000000000000000000e+00
9.181321906282489120e-01 -3.962742491408857148e-01 0.000000000000000000e+00 -6.337085700000000266e+00 3.962742491408857148e-01 9.181321906282489120e-01 0.000000000000000000e+00 1.315548200000000056e+00 0.000000000000000000e+00 0.000000000000000000e+00 1.000000000000000000e+00 0.000000000000000000e+00
9.583706561362614895e-01 -2.855270310442633575e-01 0.000000000000000000e+00 -6.130226600000000303e+00 2.855270310442633575e-01 9.583706561362614895e-01 0.000000000000000000e+00 9.580831499999999945e-01 0.000000000000000000e+00 0.000000000000000000e+00 1.000000000000000000e+00 0.000000000000000000e+00
9.578962223879078364e-01 -2.871146585163769638e-01 0.000000000000000000e+00 -6.057268999999999792e+00 2.871146585163769638e-01 9.578962223879078364e-01 0.000000000000000000e+00 4.339132299999999831e-01 0.000000000000000000e+00 0.000000000000000000e+00 1.000000000000000000e+00 0.000000000000000000e+00
9.547923614819016080e-01 -2.972735212826962403e-01 0.000000000000000000e+00 -6.866806000000000409e+00 2.972735212826962403e-01 9.547923614819016080e-01 0.000000000000000000e+00 7.975482999999999878e-02 0.000000000000000000e+00 0.000000000000000000e+00 1.000000000000000000e+00 0.000000000000000000e+00
6.649326332294737130e-01 -7.469033359588898024e-01 0.000000000000000000e+00 -7.499773000000000245e+00 7.469033359588898024e-01 6.649326332294737130e-01 0.000000000000000000e+00 -1.911907200000000084e-01 0.000000000000000000e+00 0.000000000000000000e+00 1.000000000000000000e+00 0.000000000000000000e+00
5.891409760562377196e-01 -8.080302657274067712e-01 0.000000000000000000e+00 -8.184025999999999357e+00 8.080302657274067712e-01 5.891409760562377196e-01 0.000000000000000000e+00 -4.443109000000000086e-01 0.000000000000000000e+00 0.000000000000000000e+00 1.000000000000000000e+00 0.000000000000000000e+00
2.789079251144331306e-01 -9.603178480630054636e-01 0.000000000000000000e+00 -8.409712000000000742e+00 9.603178480630054636e-01 2.789079251144331306e-01 0.000000000000000000e+00 -6.889748599999999668e-01 0.000000000000000000e+00 0.000000000000000000e+00 1.000000000000000000e+00 0.000000000000000000e+00
6.545146750545898229e-01 -7.560492974258918863e-01 0.000000000000000000e+00 -8.752280999999999977e+00 7.560492974258918863e-01 6.545146750545898229e-01 0.000000000000000000e+00 -6.960056000000000020e-01 0.000000000000000000e+00 0.000000000000000000e+00 1.000000000000000000e+00 0.000000000000000000e+00
1.913012592548818669e-01 -9.815313689370790406e-01 0.000000000000000000e+00 -8.802239999999999398e+00 9.815313689370790406e-01 1.913012592548818669e-01 0.000000000000000000e+00 -1.275160000000000071e+00 0.000000000000000000e+00 0.000000000000000000e+00 1.000000000000000000e+00 0.000000000000000000e+00
2.300426612958199057e-01 -9.731805454199835559e-01 0.000000000000000000e+00 -9.081020000000000536e+00 9.731805454199835559e-01 2.300426612958199057e-01 0.000000000000000000e+00 -1.303926600000000047e+00 0.000000000000000000e+00 0.000000000000000000e+00 1.000000000000000000e+00 0.000000000000000000e+00
-2.202949818065467677e-02 -9.997573211584441788e-01 0.000000000000000000e+00 -9.492300000000000182e+00 9.997573211584441788e-01 -2.202949818065467677e-02 0.000000000000000000e+00 -1.621946099999999946e+00 0.000000000000000000e+00 0.000000000000000000e+00 1.000000000000000000e+00 0.000000000000000000e+00
1.360593913641135189e-01 -9.907006823564961095e-01 0.000000000000000000e+00 -9.691867999999999483e+00 9.907006823564961095e-01 1.360593913641135189e-01 0.000000000000000000e+00 -1.700024800000000003e+00 0.000000000000000000e+00 0.000000000000000000e+00 1.000000000000000000e+00 0.000000000000000000e+00
-2.071833731687697799e-01 -9.783021260747675196e-01 0.000000000000000000e+00 -9.520414999999999850e+00 9.783021260747675196e-01 -2.071833731687697799e-01 0.000000000000000000e+00 -1.911058200000000040e+00 0.000000000000000000e+00 0.000000000000000000e+00 1.000000000000000000e+00 0.000000000000000000e+00
-1.955669013067423967e-01 -9.806903625065757080e-01 0.000000000000000000e+00 -9.779801000000000855e+00 9.806903625065757080e-01 -1.955669013067423967e-01 0.000000000000000000e+00 -2.034103599999999901e+00 0.000000000000000000e+00 0.000000000000000000e+00 1.000000000000000000e+00 0.000000000000000000e+00
-6.601577658795395598e-01 -7.511269693926154734e-01 0.000000000000000000e+00 -9.459352499999999608e+00 7.511269693926154734e-01 -6.601577658795395598e-01 0.000000000000000000e+00 -2.531314599999999970e+00 0.000000000000000000e+00 0.000000000000000000e+00 1.000000000000000000e+00 0.000000000000000000e+00
-7.210839826962334165e-01 -6.928476671671328635e-01 0.000000000000000000e+00 -9.617919999999999803e+00 6.928476671671328635e-01 -7.210839826962334165e-01 0.000000000000000000e+00 -2.709280999999999828e+00 0.000000000000000000e+00 0.000000000000000000e+00 1.000000000000000000e+00 0.000000000000000000e+00
-9.700746776040471975e-01 -2.428067541717153222e-01 0.000000000000000000e+00 -9.139957000000000775e+00 2.428067541717153222e-01 -9.700746776040471975e-01 0.000000000000000000e+00 -3.125102800000000070e+00 0.000000000000000000e+00 0.000000000000000000e+00 1.000000000000000000e+00 0.000000000000000000e+00
-9.563907088420642300e-01 -2.920904175774582390e-01 0.000000000000000000e+00 -9.350680999999999798e+00 2.920904175774582390e-01 -9.563907088420642300e-01 0.000000000000000000e+00 -3.545271399999999851e+00 0.000000000000000000e+00 0.000000000000000000e+00 1.000000000000000000e+00 0.000000000000000000e+00
-9.946193088655502779e-01 1.035974441374647587e-01 0.000000000000000000e+00 -8.989053000000000182e+00 -1.035974441374647587e-01 -9.946193088655502779e-01 0.000000000000000000e+00 -3.985407799999999945e+00 0.000000000000000000e+00 0.000000000000000000e+00 1.000000000000000000e+00 0.000000000000000000e+00
-9.997574386490031273e-01 -2.202416550030076789e-02 0.000000000000000000e+00 -9.107614999999999128e+00 2.202416550030076789e-02 -9.997574386490031273e-01 0.000000000000000000e+00 -4.279493999999999687e+00 0.000000000000000000e+00 0.000000000000000000e+00 1.000000000000000000e+00 0.000000000000000000e+00
9.456773242396228074e-01 -3.251067492670480785e-01 0.000000000000000000e+00 -8.616262000000000754e+00 3.251067492670480785e-01 9.456773242396228074e-01 0.000000000000000000e+00 -4.566210299999999833e+00 0.000000000000000000e+00 0.000000000000000000e+00 1.000000000000000000e+00 0.000000000000000000e+00
9.897147648287103472e-01 -1.430548296285399923e-01 0.000000000000000000e+00 -8.675872999999999280e+00 1.430548296285399923e-01 9.897147648287103472e-01 0.000000000000000000e+00 -4.763100599999999574e+00 0.000000000000000000e+00 0.000000000000000000e+00 1.000000000000000000e+00 0.000000000000000000e+00
8.704539280269394386e-01 -4.922498950558260589e-01 0.000000000000000000e+00 -8.041539000000000215e+00 4.922498950558260589e-01 8.704539280269394386e-01 0.000000000000000000e+00 -4.976321999999999690e+00 0.000000000000000000e+00 0.000000000000000000e+00 1.000000000000000000e+00 0.000000000000000000e+00
7.930520050773166574e-01 -6.091539355884091345e-01 0.000000000000000000e+00 -8.041843999999999326e+00 6.091539355884091345e-01 7.930520050773166574e-01 0.000000000000000000e+00 -4.813943000000000083e+00 0.000000000000000000e+00 0.000000000000000000e+00 1.000000000000000000e+00 0.000000000000000000e+00
3.990692319179013903e-01 -9.169207970901610549e-01 0.000000000000000000e+00 -7.504921000000000397e+00 9.169207970901610549e-01 3.990692319179013903e-01 0.000000000000000000e+00 -5.044253300000000273e+00 0.000000000000000000e+00 0.000000000000000000e+00 1.000000000000000000e+00 0.000000000000000000e+00
4.130237253551127807e-01 -9.107202656654700412e-01 0.000000000000000000e+00 -7.385628699999999824e+00 9.107202656654700412e-01 4.130237253551127807e-01 0.000000000000000000e+00 -5.061750400000000205e+00 0.000000000000000000e+00 0.000000000000000000e+00 1.000000000000000000e+00 0.000000000000000000e+00
-2.747758587218913640e-01 -9.615083085775427696e-01 0.000000000000000000e+00 -7.162365999999999566e+00 9.615083085775427696e-01 -2.747758587218913640e-01 0.000000000000000000e+00 -4.976384999999999614e+00 0.000000000000000000e+00 0.000000000000000000e+00 1.000000000000000000e+00 0.000000000000000000e+00
3.621203456782744468e-01 -9.321313508545064908e-01 0.000000000000000000e+00 -8.126092999999999122e+00 9.321313508545064908e-01 3.621203456782744468e-01 0.000000000000000000e+00 -4.631255000000000344e+00 0.000000000000000000e+00 0.000000000000000000e+00 1.000000000000000000e+00 0.000000000000000000e+00
6.944268140610917461e-01 -7.195633397505475370e-01 0.000000000000000000e+00 -8.426633999999999958e+00 7.195633397505475370e-01 6.944268140610917461e-01 0.000000000000000000e+00 -4.068887700000000329e+00 0.000000000000000000e+00 0.000000000000000000e+00 1.000000000000000000e+00 0.000000000000000000e+00
-7.694236694352298844e-01 6.387387704788445308e-01 0.000000000000000000e+00 -8.980696000000000012e+00 -6.387387704788445308e-01 -7.694236694352298844e-01 0.000000000000000000e+00 -3.430578000000000127e+00 0.000000000000000000e+00 0.000000000000000000e+00 1.000000000000000000e+00 0.000000000000000000e+00
