9.493008462548617743e-01 3.143690558878262653e-01 0.000000000000000000e+00 -6.446024999999999672e+00 -3.143690558878262653e-01 9.493008462548617743e-01 0.000000000000000000e+00 4.084381999999999735e+00 0.000000000000000000e+00 0.000000000000000000e+00 1.000000000000000000e+00 0.000000000000000000e+00
4.141109282409273784e-01 9.102264218926175987e-01 0.000000000000000000e+00 -6.357170599999999894e+00 -9.102264218926175987e-01 4.141109282409273784e-01 0.000000000000000000e+00 3.701715699999999831e+00 0.000000000000000000e+00 0.000000000000000000e+00 1.000000000000000000e+00 0.000000000000000000e+00
-3.675190551671507211e-01 9.300159913082380880e-01 0.000000000000000000e+00 -6.599639400000000045e+00 -9.300159913082380880e-01 -3.675190551671507211e-01 0.000000000000000000e+00 3.531692500000000123e+00 0.000000000000000000e+00 0.000000000000000000e+00 1.000000000000000000e+00 0.000000000000000000e+00
-8.223096647685255167e-01 5.690402580031357349e-01 0.000000000000000000e+00 -6.873744499999999924e+00 -5.690402580031357349e-01 -8.223096647685255167e-01 0.000000000000000000e+00 3.399585500000000149e+00 0.000000000000000000e+00 0.000000000000000000e+00 1.000000000000000000e+00 0.000000000000000000e+00
-9.977215831935619672e-01 -6.746586121685771431e-02 0.000000000000000000e+00 -7.131546499999999789e+00 6.746586121685771431e-02 -9.977215831935619672e-01 0.000000000000000000e+00 3.408018000000000214e+00 0.000000000000000000e+00 0.000000000000000000e+00 1.000000000000000000e+00 0.000000000000000000e+00
-8.560046015394138230e-01 -5.169682022555636136e-01 0.000000000000000000e+00 -7.254504999999999981e+00 5.169682022555636136e-01 -8.560046015394138230e-01 0.000000000000000000e+00 3.347635700000000103e+00 0.000000000000000000e+00 0.000000000000000000e+00 1.000000000000000000e+00 0.000000000000000000e+00
-1.293237579513767943e-01 -9.916024231663281840e-01 0.000000000000000000e+00 -7.333198000000000327e+00 9.916024231663281840e-01 -1.293237579513767943e-01 0.000000000000000000e+00 3.354448800000000119e+00 0.000000000000000000e+00 0.000000000000000000e+00 1.000000000000000000e+00 0.000000000000000000e+00
2.629967797632989934e-01 -9.647967111439252896e-01 0.000000000000000000e+00 -7.059504999999999697e+00 9.647967111439252896e-01 2.629967797632989934e-01 0.000000000000000000e+00 3.009820700000000127e+00 0.000000000000000000e+00 0.000000000000000000e+00 1.000000000000000000e+00 0.000000000000000000e+00
4.544044315787043042e-01 -8.907954942418796485e-01 0.000000000000000000e+00 -6.876274999999999693e+00 8.907954942418796485e-01 4.544044315787043042e-01 0.000000000000000000e+00 2.564500600000000130e+00 0.000000000000000000e+00 0.000000000000000000e+00 1.000000000000000000e+00 0.000000000000000000e+00
4.422528965427683367e-01 -8.968903921324675732e-01 0.000000000000000000e+00 -6.781491299999999889e+00 8.968903921324675732e-01 4.422528965427683367e-01 0.000000000000000000e+00 2.026585799999999882e+00 0.000000000000000000e+00 0.000000000000000000e+00 1.000000000000000000e+00 0.000000000000000000e+00
5.643568896726507411e-01 -8.255309207286009032e-01 0.000000000000000000e+00 -6.670605000000000118e+00 8.255309207286009032e-01 5.643568896726507411e-01 0.000000000000000000e+00 1.711861300000000030e+00 0.000000000000000000e+00 0.000000000000000000e+00 1.000000000000000000e+00 0.000000000000000000e+00
6.432381767810201323e-01 -7.656661465230319985e-01 0.000000000000000000e+00 -6.823095300000000307e+00 7.656661465230319985e-01 6.432381767810201323e-01 0.000000000000000000e+00 1.193370999999999960e+00 0.000000000000000000e+00 0.000000000000000000e+00 1.000000000000000000e+00 0.000000000000000000e+00
6.601742448684679854e-01 -7.511124858583753117e-01 0.000000000000000000e+00 -6.854776000000000202e+00 7.511124858583753117e-01 6.601742448684679854e-01 0.000000000000000000e+00 8.146655600000000108e-01 0.000000000000000000e+00 0.000000000000000000e+00 1.000000000000000000e+00 0.000000000000000000e+00
2.603073561773500688e-01 -9.655258051030838340e-01 0.000000000000000000e+00 -7.234276999999999624e+00 9.655258051030838340e-01 2.603073561773500688e-01 0.000000000000000000e+00 -8.656586000000000836e-03 0.000000000000000000e+00 0.000000000000000000e+00 1.000000000000000000e+00 0.000000000000000000e+00
-8.106951498007333723e-02 -9.967084497188211101e-01 0.000000000000000000e+00 -7.617148000000000252e+00 9.967084497188211101e-01 -8.106951498007333723e-02 0.000000000000000000e+00 -2.254376300000000000e-01 0.000000000000000000e+00 0.000000000000000000e+00 1.000000000000000000e+00 0.000000000000000000e+00
-3.686654919001975395e-01 -9.295621308347201683e-01 0.000000000000000000e+00 -7.870126199999999628e+00 9.295621308347201683e-01 -3.686654919001975395e-01 0.000000000000000000e+00 -6.166471000000000036e-01 0.000000000000000000e+00 0.000000000000000000e+00 1.000000000000000000e+00 0.000000000000000000e+00
-6.230429260906551470e-01 -7.821876451647612472e-01 0.000000000000000000e+00 -8.302189999999999515e+00 7.821876451647612472e-01 -6.230429260906551470e-01 0.000000000000000000e+00 -1.063936699999999957e+00 0.000000000000000000e+00 0.000000000000000000e+00 1.000000000000000000e+00 0.000000000000000000e+00
-7.428039672904528379e-01 -6.695089739335566836e-01 0.000000000000000000e+00 -8.480886999999999176e+00 6.695089739335566836e-01 -7.428039672904528379e-01 0.000000000000000000e+00 -1.143559800000000015e+00 0.000000000000000000e+00 0.000000000000000000e+00 1.000000000000000000e+00 0.000000000000000000e+00
-7.575286400126741704e-01 -6.528019298076165322e-01 0.000000000000000000e+00 -8.600153999999999854e+00 6.528019298076165322e-01 -7.575286400126741704e-01 0.000000000000000000e+00 -1.452709999999999946e+00 0.000000000000000000e+00 0.000000000000000000e+00 1.000000000000000000e+00 0.000000000000000000e+00
-7.966789488595921176e-01 -6.044027237231608396e-01 0.000000000000000000e+00 -8.928162000000000376e+00 6.044027237231608396e-01 -7.966789488595921176e-01 0.000000000000000000e+00 -1.669104799999999944e+00 0.000000000000000000e+00 0.000000000000000000e+00 1.000000000000000000e+00 0.000000000000000000e+00
-9.088062941836446695e-01 -4.172183117412161524e-01 0.000000000000000000e+00 -9.131683000000000661e+00 4.172183117412161524e-01 -9.088062941836446695e-01 0.000000000000000000e+00 -2.345705999999999847e+00 0.000000000000000000e+00 0.000000000000000000e+00 1.000000000000000000e+00 0.000000000000000000e+00
-9.675413365598907189e-01 -2.527128054687777237e-01 0.000000000000000000e+00 -9.278093000000000146e+00 2.527128054687777237e-01 -9.675413365598907189e-01 0.000000000000000000e+00 -2.665501599999999804e+00 0.000000000000000000e+00 0.000000000000000000e+00 1.000000000000000000e+00 0.000000000000000000e+00
-9.949734348413340479e-01 -1.001392228851294558e-01 0.000000000000000000e+00 -9.364280000000000825e+00 1.001392228851294558e-01 -9.949734348413340479e-01 0.000000000000000000e+00 -2.789257500000000167e+00 0.000000000000000000e+00 0.000000000000000000e+00 1.000000000000000000e+00 0.000000000000000000e+00
-9.914973881634433495e-01 1.301265893853758848e-01 0.000000000000000000e+00 -9.470571500000000142e+00 -1.301265893853758848e-01 -9.914973881634433495e-01 0.000000000000000000e+00 -2.992862199999999806e+00 0.000000000000000000e+00 0.000000000000000000e+00 1.000000000000000000e+00 0.000000000000000000e+00
-9.639486840111720634e-01 2.660882082940344562e-01 0.000000000000000000e+00 -9.506449999999999179e+00 -2.660882082940344562e-01 -9.639486840111720634e-01 0.000000000000000000e+00 -3.168665999999999983e+00 0.000000000000000000e+00 0.000000000000000000e+00 1.000000000000000000e+00 0.000000000000000000e+00
-9.198169475699504716e-01 3.923477831759714096e-01 0.000000000000000000e+00 -9.574427000000000021e+00 -3.923477831759714096e-01 -9.198169475699504716e-01 0.000000000000000000e+00 -3.456551000000000151e+00 0.000000000000000000e+00 0.000000000000000000e+00 1.000000000000000000e+00 0.000000000000000000e+00
-8.711336577532385883e-01 4.910459757797260849e-01 0.000000000000000000e+00 -9.617380999999999958e+00 -4.910459757797260849e-01 -8.711336577532385883e-01 0.000000000000000000e+00 -3.855817000000000050e+00 0.000000000000000000e+00 0.000000000000000000e+00 1.000000000000000000e+00 0.000000000000000000e+00
-8.218733678249373620e-01 5.696702267629011329e-01 0.000000000000000000e+00 -9.545814999999999273e+00 -5.696702267629011329e-01 -8.218733678249373620e-01 0.000000000000000000e+00 -4.234378300000000372e+00 0.000000000000000000e+00 0.000000000000000000e+00 1.000000000000000000e+00 0.000000000000000000e+00
-7.325584159803557593e-01 6.807041700888514235e-01 0.000000000000000000e+00 -9.525074000000000041e+00 -6.807041700888514235e-01 -7.325584159803557593e-01 0.000000000000000000e+00 -4.476187000000000360e+00 0.000000000000000000e+00 0.000000000000000000e+00 1.000000000000000000e+00 0.000000000000000000e+00
-6.157025751175371209e-01 7.879786412039564425e-01 0.000000000000000000e+00 -9.455211000000000254e+00 -7.879786412039564425e-01 -6.157025751175371209e-01 0.000000000000000000e+00 -4.574685999999999808e+00 0.000000000000000000e+00 0.000000000000000000e+00 1.000000000000000000e+00 0.000000000000000000e+00
5.519417552943810534e-01 -8.338826648651220808e-01 0.000000000000000000e+00 -9.254909500000000122e+00 8.338826648651220808e-01 5.519417552943810534e-01 0.000000000000000000e+00 -4.816307000000000116e+00 0.000000000000000000e+00 0.000000000000000000e+00 1.000000000000000000e+00 0.000000000000000000e+00
4.453469477708731916e-01 -8.953580826189972974e-01 0.000000000000000000e+00 -9.191020999999999219e+00 8.953580826189972974e-01 4.453469477708731916e-01 0.000000000000000000e+00 -4.948779599999999945e+00 0.000000000000000000e+00 0.000000000000000000e+00 1.000000000000000000e+00 0.000000000000000000e+00
3.167625503819518351e-01 -9.485048690837182273e-01 0.000000000000000000e+00 -8.967313000000000756e+00 9.485048690837182273e-01 3.167625503819518351e-01 0.000000000000000000e+00 -5.077786999999999829e+00 0.000000000000000000e+00 0.000000000000000000e+00 1.000000000000000000e+00 0.000000000000000000e+00
-1.403710649562812662e-01 -9.900989668326289905e-01 0.000000000000000000e+00 -8.534478000000000009e+00 9.900989668326289905e-01 -1.403710649562812662e-01 0.000000000000000000e+00 -5.087445299999999726e+00 0.000000000000000000e+00 0.000000000000000000e+00 1.000000000000000000e+00 0.000000000000000000e+00
-4.724833713778675559e-01 -8.813395848204051974e-01 0.000000000000000000e+00 -8.281033499999999492e+00 8.813395848204051974e-01 -4.724833713778675559e-01 0.000000000000000000e+00 -5.440244999999999997e+00 0.000000000000000000e+00 0.000000000000000000e+00 1.000000000000000000e+00 0.000000000000000000e+00
-7.705408025985323039e-01 -6.373906741793526898e-01 0.000000000000000000e+00 -8.050129000000000090e+00 6.373906741793526898e-01 -7.705408025985323039e-01 0.000000000000000000e+00 -5.701102299999999623e+00 0.000000000000000000e+00 0.000000000000000000e+00 1.000000000000000000e+00 0.000000000000000000e+00
-9.416112054918192031e-01 -3.367021498182676265e-01 0.000000000000000000e+00 -7.568596399999999669e+00 3.367021498182676265e-01 -9.416112054918192031e-01 0.000000000000000000e+00 -6.004725500000000160e+00 0.000000000000000000e+00 0.000000000000000000e+00 1.000000000000000000e+00 0.000000000000000000e+00
-8.249444283623783569e-01 5.652138445879301143e-01 0.000000000000000000e+00 -6.963912999999999798e+00 -5.652138445879301143e-01 -8.249444283623783569e-01 0.000000000000000000e+00 -6.526195000000000412e+00 0.000000000000000000e+00 0.000000000000000000e+00 1.000000000000000000e+00 0.000000000000000000e+00
-4.288499860025201671e-01 9.033757189041767832e-01 0.000000000000000000e+00 -6.048040000000000305e+00 -9.033757189041767832e-01 -4.288499860025201671e-01 0.000000000000000000e+00 -7.024345000000000283e+00 0.000000000000000000e+00 0.000000000000000000e+00 1.000000000000000000e+00 0.000000000000000000e+00
-6.034109560897305685e-02 9.981778159129307548e-01 0.000000000000000000e+00 -4.851284999999999847e+00 -9.981778159129307548e-01 -6.034109560897305685e-02 0.000000000000000000e+00 -7.343961700000000370e+00 0.000000000000000000e+00 0.000000000000000000e+00 1.000000000000000000e+00 0.000000000000000000e+00
-1.385153740870060345e-02 -9.999040628537396724e-01 0.000000000000000000e+00 -4.920680499999999569e+00 9.999040628537396724e-01 -1.385153740870060345e-02 0.000000000000000000e+00 -7.290839700000000256e+00 0.000000000000000000e+00 0.000000000000000000e+00 1.000000000000000000e+00 0.000000000000000000e+00
2.646747551811857724e-01 9.643377385386198153e-01 0.000000000000000000e+00 -4.131386000000000003e+00 -9.643377385386198153e-01 2.646747551811857724e-01 0.000000000000000000e+00 -7.118796999999999819e+00 0.000000000000000000e+00 0.000000000000000000e+00 1.000000000000000000e+00 0.000000000000000000e+00
5.016447682919120687e-01 8.650737115676061517e-01 0.000000000000000000e+00 -3.682768600000000170e+00 -8.650737115676061517e-01 5.016447682919120687e-01 0.000000000000000000e+00 -6.903662999999999883e+00 0.000000000000000000e+00 0.000000000000000000e+00 1.000000000000000000e+00 0.000000000000000000e+00
6.257091743850514698e-01 7.800564268630681974e-01 0.000000000000000000e+00 -3.130630299999999977e+00 -7.800564268630681974e-01 6.257091743850514698e-01 0.000000000000000000e+00 -6.678854499999999916e+00 0.000000000000000000e+00 0.000000000000000000e+00 1.000000000000000000e+00 0.000000000000000000e+00
7.262579856675668299e-01 6.874222416056148255e-01 0.000000000000000000e+00 -2.652277499999999844e+00 -6.874222416056148255e-01 7.262579856675668299e-01 0.000000000000000000e+00 -6.372205700000000306e+00 0.000000000000000000e+00 0.000000000000000000e+00 1.000000000000000000e+00 0.000000000000000000e+00
7.716472665387572594e-01 6.360507024155104272e-01 0.000000000000000000e+00 -2.391863299999999803e+00 -6.360507024155104272e-01 7.716472665387572594e-01 0.000000000000000000e+00 -5.930593000000000004e+00 0.000000000000000000e+00 0.000000000000000000e+00 1.000000000000000000e+00 0.000000000000000000e+00
8.496810039197781883e-01 5.272970619848720286e-01 0.000000000000000000e+00 -2.206035599999999874e+00 -5.272970619848720286e-01 8.496810039197781883e-01 0.000000000000000000e+00 -5.576565999999999690e+00 0.000000000000000000e+00 0.000000000000000000e+00 1.000000000000000000e+00 0.000000000000000000e+00
9.174461038017966974e-01 3.978600842242194235e-01 0.000000000000000000e+00 -1.745384199999999941e+00 -3.978600842242194235e-01 9.174461038017966974e-01 0.000000000000000000e+00 -5.106720400000000382e+00 0.000000000000000000e+00 0.000000000000000000e+00 1.000000000000000000e+00 0.000000000000000000e+00
9.536462363665055841e-01 3.009299849865395560e-01 0.000000000000000000e+00 -1.635905500000000012e+00 -3.009299849865395560e-01 9.536462363665055841e-01 0.000000000000000000e+00 -4.579816300000000062e+00 0.000000000000000000e+00 0.000000000000000000e+00 1.000000000000000000e+00 0.000000000000000000e+00
9.412860702004320901e-01 3.376100325029267601e-01 0.000000000000000000e+00 -1.470846400000000109e+00 -3.376100325029267601e-01 9.412860702004320901e-01 0.000000000000000000e+00 -3.988716399999999940e+00 0.000000000000000000e+00 0.000000000000000000e+00 1.000000000000000000e+00 0.000000000000000000e+00
9.375954897200011739e-01 3.477279075034259148e-01 0.000000000000000000e+00 -1.278485700000000058e+00 -3.477279075034259148e-01 9.375954897200011739e-01 0.000000000000000000e+00 -3.568289500000000114e+00 0.000000000000000000e+00 0.000000000000000000e+00 1.000000000000000000e+00 0.000000000000000000e+00
8.776661158716130284e-01 4.792725623805689783e-01 0.000000000000000000e+00 -1.226416600000000079e+00 -4.792725623805689783e-01 8.776661158716130284e-01 0.000000000000000000e+00 -3.078405899999999917e+00 0.000000000000000000e+00 0.000000000000000000e+00 1.000000000000000000e+00 0.000000000000000000e+00
9.064906620740579291e-01 4.222258632207840368e-01 0.000000000000000000e+00 -9.964303399999999700e-01 -4.222258632207840368e-01 9.064906620740579291e-01 0.000000000000000000e+00 -2.674185800000000057e+00 0.000000000000000000e+00 0.000000000000000000e+00 1.000000000000000000e+00 0.000000000000000000e+00
8.639110141935425480e-01 5.036444773400029495e-01 0.000000000000000000e+00 -8.019665999999999739e-01 -5.036444773400029495e-01 8.639110141935425480e-01 0.000000000000000000e+00 -2.470076999999999856e+00 0.000000000000000000e+00 0.000000000000000000e+00 1.000000000000000000e+00 0.000000000000000000e+00
8.394648252460737980e-01 5.434140292397490191e-01 0.000000000000000000e+00 -7.207276999999999711e-01 -5.434140292397490191e-01 8.394648252460737980e-01 0.000000000000000000e+00 -2.064658200000000221e+00 0.000000000000000000e+00 0.000000000000000000e+00 1.000000000000000000e+00 0.000000000000000000e+00
7.962721588440065945e-01 6.049385498130409600e-01 0.000000000000000000e+00 -3.016167599999999838e-01 -6.049385498130409600e-01 7.962721588440065945e-01 0.000000000000000000e+00 -1.730467600000000106e+00 0.000000000000000000e+00 0.000000000000000000e+00 1.000000000000000000e+00 0.000000000000000000e+00
7.540607632597976506e-01 6.568046629798325320e-01 0.000000000000000000e+00 4.310521500000000228e-02 -6.568046629798325320e-01 7.540607632597976506e-01 0.000000000000000000e+00 -1.259680399999999922e+00 0.000000000000000000e+00 0.000000000000000000e+00 1.000000000000000000e+00 0.000000000000000000e+00
6.736801705304231724e-01 7.390230225331954061e-01 0.000000000000000000e+00 2.162149499999999891e-01 -7.390230225331954061e-01 6.736801705304231724e-01 0.000000000000000000e+00 -8.962438999999999822e-01 0.000000000000000000e+00 0.000000000000000000e+00 1.000000000000000000e+00 0.000000000000000000e+00
8.027947068106400241e-01 5.962555313930585354e-01 0.000000000000000000e+00 5.846574300000000335e-01 -5.962555313930585354e-01 8.027947068106400241e-01 0.000000000000000000e+00 -4.929089500000000124e-01 0.000000000000000000e+00 0.000000000000000000e+00 1.000000000000000000e+00 0.000000000000000000e+00
7.238445285778338789e-01 6.899631138314086254e-01 0.000000000000000000e+00 8.333015000000000283e-01 -6.899631138314086254e-01 7.238445285778338789e-01 0.000000000000000000e+00 -1.728526200000000124e-01 0.000000000000000000e+00 0.000000000000000000e+00 1.000000000000000000e+00 0.000000000000000000e+00
-7.931155637861987406e-01 6.090711801424363303e-01 0.000000000000000000e+00 7.027215399999999779e-01 -6.090711801424363303e-01 -7.931155637861987406e-01 0.000000000000000000e+00 -1.648892499999999872e-01 0.000000000000000000e+00 0.000000000000000000e+00 1.000000000000000000e+00 0.000000000000000000e+00
7.377590067103495519e-01 6.750641806656300092e-01 0.000000000000000000e+00 9.231298000000000004e-01 -6.750641806656300092e-01 7.377590067103495519e-01 0.000000000000000000e+00 1.988740300000000072e-01 0.000000000000000000e+00 0.000000000000000000e+00 1.000000000000000000e+00 0.000000000000000000e+00
8.017386752088389024e-01 5.976747415395567975e-01 0.000000000000000000e+00 1.198734900000000048e+00 -5.976747415395567975e-01 8.017386752088389024e-01 0.000000000000000000e+00 4.778272000000000075e-01 0.000000000000000000e+00 0.000000000000000000e+00 1.000000000000000000e+00 0.000000000000000000e+00
8.498054223633345616e-01 5.270965225856404368e-01 0.000000000000000000e+00 1.511859199999999959e+00 -5.270965225856404368e-01 8.498054223633345616e-01 0.000000000000000000e+00 9.020745999999999487e-01 0.000000000000000000e+00 0.000000000000000000e+00 1.000000000000000000e+00 0.000000000000000000e+00
9.259400544980633807e-01 3.776705117905333475e-01 0.000000000000000000e+00 1.672917999999999905e+00 -3.776705117905333475e-01 9.259400544980633807e-01 0.000000000000000000e+00 1.382411000000000056e+00 0.000000000000000000e+00 0.000000000000000000e+00 1.000000000000000000e+00 0.000000000000000000e+00
9.597523622991780412e-01 2.808476509802907417e-01 0.000000000000000000e+00 1.653701400000000099e+00 -2.808476509802907417e-01 9.597523622991780412e-01 0.000000000000000000e+00 1.887092100000000050e+00 0.000000000000000000e+00 0.000000000000000000e+00 1.000000000000000000e+00 0.000000000000000000e+00
9.618702262398279856e-01 2.735062483259605992e-01 0.000000000000000000e+00 1.827195799999999926e+00 -2.735062483259605992e-01 9.618702262398279856e-01 0.000000000000000000e+00 2.511339400000000222e+00 0.000000000000000000e+00 0.000000000000000000e+00 1.000000000000000000e+00 0.000000000000000000e+00
9.834958463564701381e-01 1.809307055189099123e-01 0.000000000000000000e+00 1.909109699999999910e+00 -1.809307055189099123e-01 9.834958463564701381e-01 0.000000000000000000e+00 3.046847000000000083e+00 0.000000000000000000e+00 0.000000000000000000e+00 1.000000000000000000e+00 0.000000000000000000e+00
9.998526110662118160e-01 -1.716846364933851884e-02 0.000000000000000000e+00 1.757385799999999998e+00 1.716846364933851884e-02 9.998526110662118160e-01 0.000000000000000000e+00 3.355207399999999840e+00 0.000000000000000000e+00 0.000000000000000000e+00 1.000000000000000000e+00 0.000000000000000000e+00
9.698442654728178791e-01 -2.437254617997271500e-01 0.000000000000000000e+00 1.554061200000000031e+00 2.437254617997271500e-01 9.698442654728178791e-01 0.000000000000000000e+00 3.791914999999999925e+00 0.000000000000000000e+00 0.000000000000000000e+00 1.000000000000000000e+00 0.000000000000000000e+00
-8.736498098307693416e-01 4.865552484380993858e-01 0.000000000000000000e+00 1.434955100000000039e+00 -4.865552484380993858e-01 -8.736498098307693416e-01 0.000000000000000000e+00 4.240942500000000059e+00 0.000000000000000000e+00 0.000000000000000000e+00 1.000000000000000000e+00 0.000000000000000000e+00
-7.889991988971931658e-01 6.143942253468757109e-01 0.000000000000000000e+00 9.092934999999999768e-01 -6.143942253468757109e-01 -7.889991988971931658e-01 0.000000000000000000e+00 4.732168999999999848e+00 0.000000000000000000e+00 0.000000000000000000e+00 1.000000000000000000e+00 0.000000000000000000e+00
-5.916309793968937969e-01 8.062088961416092880e-01 0.000000000000000000e+00 4.538121500000000252e-01 -8.062088961416092880e-01 -5.916309793968937969e-01 0.000000000000000000e+00 4.980501000000000289e+00 0.000000000000000000e+00 0.000000000000000000e+00 1.000000000000000000e+00 0.000000000000000000e+00
-4.106687255192716379e-01 9.117846225290142659e-01 0.000000000000000000e+00 -1.616328999999999899e-03 -9.117846225290142659e-01 -4.106687255192716379e-01 0.000000000000000000e+00 5.399952400000000097e+00 0.000000000000000000e+00 0.000000000000000000e+00 1.000000000000000000e+00 0.000000000000000000e+00
-1.744304942716447815e-01 9.846694890510976350e-01 0.000000000000000000e+00 -5.552574000000000121e-01 -9.846694890510976350e-01 -1.744304942716447815e-01 0.000000000000000000e+00 5.524067399999999850e+00 0.000000000000000000e+00 0.000000000000000000e+00 1.000000000000000000e+00 0.000000000000000000e+00
2.407093601124025706e-01 9.705972408544533137e-01 0.000000000000000000e+00 -1.380997899999999889e+00 -9.705972408544533137e-01 2.407093601124025706e-01 0.000000000000000000e+00 5.591135999999999662e+00 0.000000000000000000e+00 0.000000000000000000e+00 1.000000000000000000e+00 0.000000000000000000e+00
6.058749778688532484e-01 7.955598727892304600e-01 0.000000000000000000e+00 -2.192581199999999786e+00 -7.955598727892304600e-01 6.058749778688532484e-01 0.000000000000000000e+00 5.589131000000000071e+00 0.000000000000000000e+00 0.000000000000000000e+00 1.000000000000000000e+00 0.000000000000000000e+00
9.987405302295604415e-01 -5.017323267217684013e-02 0.000000000000000000e+00 -3.069910000000000139e+00 5.017323267217684013e-02 9.987405302295604415e-01 0.000000000000000000e+00 5.272752999999999801e+00 0.000000000000000000e+00 0.000000000000000000e+00 1.000000000000000000e+00 0.000000000000000000e+00
3.409888779803098013e-01 -9.400673300853132908e-01 0.000000000000000000e+00 -3.840287000000000006e+00 9.400673300853132908e-01 3.409888779803098013e-01 0.000000000000000000e+00 4.800783000000000023e+00 0.000000000000000000e+00 0.000000000000000000e+00 1.000000000000000000e+00 0.000000000000000000e+00
-8.685785654751896345e-01 -4.955514863231283429e-01 0.000000000000000000e+00 -4.306722999999999857e+00 4.955514863231283429e-01 -8.685785654751896345e-01 0.000000000000000000e+00 4.642789999999999750e+00 0.000000000000000000e+00 0.000000000000000000e+00 1.000000000000000000e+00 0.000000000000000000e+00
-3.980166684821995204e-01 9.173781835264728235e-01 0.000000000000000000e+00 -5.255860000000000198e+00 -9.173781835264728235e-01 -3.980166684821995204e-01 0.000000000000000000e+00 4.507446999999999981e+00 0.000000000000000000e+00 0.000000000000000000e+00 1.000000000000000000e+00 0.000000000000000000e+00
-6.591896112339252767e-01 7.519767658919166431e-01 0.000000000000000000e+00 -5.601670300000000324e+00 -7.519767658919166431e-01 -6.591896112339252767e-01 0.000000000000000000e+00 4.039238000000000106e+00 0.000000000000000000e+00 0.000000000000000000e+00 1.000000000000000000e+00 0.000000000000000000e+00
-7.182495650386742092e-01 6.957855720850751879e-01 0.000000000000000000e+00 -5.919519000000000197e+00 -6.957855720850751879e-01 -7.182495650386742092e-01 0.000000000000000000e+00 3.692527999999999810e+00 0.000000000000000000e+00 0.000000000000000000e+00 1.000000000000000000e+00 0.000000000000000000e+00
-9.571770798121752577e-01 2.895030878630429627e-01 0.000000000000000000e+00 -6.485614299999999943e+00 -2.895030878630429627e-01 -9.571770798121752577e-01 0.000000000000000000e+00 3.425645799999999852e+00 0.000000000000000000e+00 0.000000000000000000e+00 1.000000000000000000e+00 0.000000000000000000e+00
-9.462969603968534038e-01 -3.232987206032156280e-01 0.000000000000000000e+00 -7.012189399999999573e+00 3.232987206032156280e-01 -9.462969603968534038e-01 0.000000000000000000e+00 3.138885000000000147e+00 0.000000000000000000e+00 0.000000000000000000e+00 1.000000000000000000e+00 0.000000000000000000e+00
-1.135123869835522326e-01 -9.935365811087664145e-01 0.000000000000000000e+00 -7.440565000000000317e+00 9.935365811087664145e-01 -1.135123869835522326e-01 0.000000000000000000e+00 3.223983800000000066e+00 0.000000000000000000e+00 0.000000000000000000e+00 1.000000000000000000e+00 0.000000000000000000e+00
2.422895468867581892e-01 -9.702039865252097828e-01 0.000000000000000000e+00 -7.705375700000000272e+00 9.702039865252097828e-01 2.422895468867581892e-01 0.000000000000000000e+00 2.893542800000000081e+00 0.000000000000000000e+00 0.000000000000000000e+00 1.000000000000000000e+00 0.000000000000000000e+00
4.967886839659767517e-01 -8.678715362790467847e-01 0.000000000000000000e+00 -7.216908499999999727e+00 8.678715362790467847e-01 4.967886839659767517e-01 0.000000000000000000e+00 2.735574499999999798e+00 0.000000000000000000e+00 0.000000000000000000e+00 1.000000000000000000e+00 0.000000000000000000e+00
6.566070967288596405e-01 -7.542328026049370804e-01 0.000000000000000000e+00 -7.036494000000000248e+00 7.542328026049370804e-01 6.566070967288596405e-01 0.000000000000000000e+00 2.491770999999999958e+00 0.000000000000000000e+00 0.000000000000000000e+00 1.000000000000000000e+00 0.000000000000000000e+00
6.783422230472612169e-01 -7.347460979354022426e-01 0.000000000000000000e+00 -6.822648000000000046e+00 7.347460979354022426e-01 6.783422230472612169e-01 0.000000000000000000e+00 2.028761100000000095e+00 0.000000000000000000e+00 0.000000000000000000e+00 1.000000000000000000e+00 0.000000000000000000e+00
7.716553987915144575e-01 -6.360408363587268799e-01 0.000000000000000000e+00 -6.614979700000000129e+00 6.360408363587268799e-01 7.716553987915144575e-01 0.000000000000000000e+00 1.496240299999999968e+00 0.000000000000000000e+00 0.000000000000000000e+00 1.000000000000000000e+00 0.000000000000000000e+00
8.478034234336707664e-01 -5.303106214419507358e-01 0.000000000000000000e+00 -6.499767000000000294e+00 5.303106214419507358e-01 8.478034234336707664e-01 0.000000000000000000e+00 1.175598499999999991e+00 0.000000000000000000e+00 0.000000000000000000e+00 1.000000000000000000e+00 0.000000000000000000e+00
8.144809543741017288e-01 -5.801902920265491481e-01 0.000000000000000000e+00 -6.475432399999999866e+00 5.801902920265491481e-01 8.144809543741017288e-01 0.000000000000000000e+00 6.628588399999999492e-01 0.000000000000000000e+00 0.000000000000000000e+00 1.000000000000000000e+00 0.000000000000000000e+00
6.518396252640631383e-01 -7.583568440619533613e-01 0.000000000000000000e+00 -6.952157500000000212e+00 7.583568440619533613e-01 6.518396252640631383e-01 0.000000000000000000e+00 3.690973799999999749e-01 0.000000000000000000e+00 0.000000000000000000e+00 1.000000000000000000e+00 0.000000000000000000e+00
2.735289741601719116e-01 -9.618637638953262403e-01 0.000000000000000000e+00 -7.260501999999999789e+00 9.618637638953262403e-01 2.735289741601719116e-01 0.000000000000000000e+00 -1.980039500000000119e-01 0.000000000000000000e+00 0.000000000000000000e+00 1.000000000000000000e+00 0.000000000000000000e+00
-2.358229160895207455e-01 -9.717960445726432361e-01 0.000000000000000000e+00 -7.576202000000000325e+00 9.717960445726432361e-01 -2.358229160895207455e-01 0.000000000000000000e+00 -7.029927999999999733e-01 0.000000000000000000e+00 0.000000000000000000e+00 1.000000000000000000e+00 0.000000000000000000e+00
-5.008800604960070846e-01 -8.655167040545874713e-01 0.000000000000000000e+00 -7.750183599999999728e+00 8.655167040545874713e-01 -5.008800604960070846e-01 0.000000000000000000e+00 -8.191606399999999955e-01 0.000000000000000000e+00 0.000000000000000000e+00 1.000000000000000000e+00 0.000000000000000000e+00
-3.903493177394740665e-01 -9.206668290648507558e-01 0.000000000000000000e+00 -7.985801000000000371e+00 9.206668290648507558e-01 -3.903493177394740665e-01 0.000000000000000000e+00 -8.332635000000000458e-01 0.000000000000000000e+00 0.000000000000000000e+00 1.000000000000000000e+00 0.000000000000000000e+00
-6.798472173631761040e-01 -7.333537761841459890e-01 0.000000000000000000e+00 -7.923312000000000133e+00 7.333537761841459890e-01 -6.798472173631761040e-01 0.000000000000000000e+00 -9.595432999999999879e-01 0.000000000000000000e+00 0.000000000000000000e+00 1.000000000000000000e+00 0.000000000000000000e+00
-7.305406034400782067e-01 -6.828692603459364241e-01 0.000000000000000000e+00 -8.219910000000000494e+00 6.828692603459364241e-01 -7.305406034400782067e-01 0.000000000000000000e+00 -1.015156699999999912e+00 0.000000000000000000e+00 0.000000000000000000e+00 1.000000000000000000e+00 0.000000000000000000e+00
-8.927810517468656171e-01 -4.504908363571454855e-01 0.000000000000000000e+00 -8.515135000000000787e+00 4.504908363571454855e-01 -8.927810517468656171e-01 0.000000000000000000e+00 -1.590714200000000078e+00 0.000000000000000000e+00 0.000000000000000000e+00 1.000000000000000000e+00 0.000000000000000000e+00
-9.411380548040992888e-01 -3.380224279534661536e-01 0.000000000000000000e+00 -8.669710000000000250e+00 3.380224279534661536e-01 -9.411380548040992888e-01 0.000000000000000000e+00 -1.672433000000000058e+00 0.000000000000000000e+00 0.000000000000000000e+00 1.000000000000000000e+00 0.000000000000000000e+00
-9.761042517918216976e-01 -2.173027602998356678e-01 0.000000000000000000e+00 -8.914901000000000408e+00 2.173027602998356678e-01 -9.761042517918216976e-01 0.000000000000000000e+00 -1.850691800000000109e+00 0.000000000000000000e+00 0.000000000000000000e+00 1.000000000000000000e+00 0.000000000000000000e+00
-9.955057023757548640e-01 -9.470161845161324810e-02 0.000000000000000000e+00 -9.057408000000000570e+00 9.470161845161324810e-02 -9.955057023757548640e-01 0.000000000000000000e+00 -2.026212999999999820e+00 0.000000000000000000e+00 0.000000000000000000e+00 1.000000000000000000e+00 0.000000000000000000e+00
-9.755623821514692873e-01 2.197226400054181072e-01 0.000000000000000000e+00 -8.982449000000000794e+00 -2.197226400054181072e-01 -9.755623821514692873e-01 0.000000000000000000e+00 -2.180311199999999783e+00 0.000000000000000000e+00 0.000000000000000000e+00 1.000000000000000000e+00 0.000000000000000000e+00
-9.307091309091186648e-01 3.657601859721653081e-01 0.000000000000000000e+00 -9.098174999999999457e+00 -3.657601859721653081e-01 -9.307091309091186648e-01 0.000000000000000000e+00 -2.562256599999999995e+00 0.000000000000000000e+00 0.000000000000000000e+00 1.000000000000000000e+00 0.000000000000000000e+00
-8.850050572701657625e-01 4.655814092145761363e-01 0.000000000000000000e+00 -9.101171000000000788e+00 -4.655814092145761363e-01 -8.850050572701657625e-01 0.000000000000000000e+00 -2.887763500000000150e+00 0.000000000000000000e+00 0.000000000000000000e+00 1.000000000000000000e+00 0.000000000000000000e+00
-8.134304381905664849e-01 5.816622062890995926e-01 0.000000000000000000e+00 -8.943393000000000370e+00 -5.816622062890995926e-01 -8.134304381905664849e-01 0.000000000000000000e+00 -3.207668299999999917e+00 0.000000000000000000e+00 0.000000000000000000e+00 1.000000000000000000e+00 0.000000000000000000e+00
-7.224712030063258350e-01 6.914010130355554562e-01 0.000000000000000000e+00 -8.928333999999999548e+00 -6.914010130355554562e-01 -7.224712030063258350e-01 0.000000000000000000e+00 -3.478907799999999995e+00 0.000000000000000000e+00 0.000000000000000000e+00 1.000000000000000000e+00 0.000000000000000000e+00
-6.494718686008813524e-01 7.603856205216399378e-01 0.000000000000000000e+00 -8.720240999999999687e+00 -7.603856205216399378e-01 -6.494718686008813524e-01 0.000000000000000000e+00 -3.710835499999999954e+00 0.000000000000000000e+00 0.000000000000000000e+00 1.000000000000000000e+00 0.000000000000000000e+00
5.494376273162199231e-01 -8.355347351780909593e-01 0.000000000000000000e+00 -8.621729999999999450e+00 8.355347351780909593e-01 5.494376273162199231e-01 0.000000000000000000e+00 -3.863287999999999833e+00 0.000000000000000000e+00 0.000000000000000000e+00 1.000000000000000000e+00 0.000000000000000000e+00
4.641537923684960765e-01 -8.857546257457213912e-01 0.000000000000000000e+00 -8.464130000000000820e+00 8.857546257457213912e-01 4.641537923684960765e-01 0.000000000000000000e+00 -4.062033999999999700e+00 0.000000000000000000e+00 0.000000000000000000e+00 1.000000000000000000e+00 0.000000000000000000e+00
3.133285091623437824e-01 -9.496447995677662623e-01 0.000000000000000000e+00 -8.357723999999999265e+00 9.496447995677662623e-01 3.133285091623437824e-01 0.000000000000000000e+00 -4.121058999999999806e+00 0.000000000000000000e+00 0.000000000000000000e+00 1.000000000000000000e+00 0.000000000000000000e+00
-2.811976678859973763e-03 -9.999960463857632265e-01 0.000000000000000000e+00 -8.436353000000000435e+00 9.999960463857632265e-01 -2.811976678859973763e-03 0.000000000000000000e+00 -4.159025999999999890e+00 0.000000000000000000e+00 0.000000000000000000e+00 1.000000000000000000e+00 0.000000000000000000e+00
-4.451765179360847591e-01 -8.954428333949090435e-01 0.000000000000000000e+00 -8.227028000000000674e+00 8.954428333949090435e-01 -4.451765179360847591e-01 0.000000000000000000e+00 -4.321643400000000135e+00 0.000000000000000000e+00 0.000000000000000000e+00 1.000000000000000000e+00 0.000000000000000000e+00
-6.899544910310332346e-01 -7.238527476677198980e-01 0.000000000000000000e+00 -8.117100000000000648e+00 7.238527476677198980e-01 -6.899544910310332346e-01 0.000000000000000000e+00 -4.536352599999999846e+00 0.000000000000000000e+00 0.000000000000000000e+00 1.000000000000000000e+00 0.000000000000000000e+00
-8.519647345033080077e-01 -5.235991703227841354e-01 0.000000000000000000e+00 -8.022263999999999839e+00 5.235991703227841354e-01 -8.519647345033080077e-01 0.000000000000000000e+00 -4.991427400000000070e+00 0.000000000000000000e+00 0.000000000000000000e+00 1.000000000000000000e+00 0.000000000000000000e+00
-3.161940173457666869e-01 -9.486945469405549947e-01 0.000000000000000000e+00 -8.305967000000000766e+00 9.486945469405549947e-01 -3.161940173457666869e-01 0.000000000000000000e+00 -5.153856300000000168e+00 0.000000000000000000e+00 0.000000000000000000e+00 1.000000000000000000e+00 0.000000000000000000e+00
1.062053408225144546e-01 -9.943442188602362730e-01 0.000000000000000000e+00 -8.570050000000000168e+00 9.943442188602362730e-01 1.062053408225144546e-01 0.000000000000000000e+00 -4.869715000000000238e+00 0.000000000000000000e+00 0.000000000000000000e+00 1.000000000000000000e+00 0.000000000000000000e+00
-2.054655335025828145e-01 9.786643523407292378e-01 0.000000000000000000e+00 -9.103282999999999348e+00 -9.786643523407292378e-01 -2.054655335025828145e-01 0.000000000000000000e+00 -4.778096999999999817e+00 0.000000000000000000e+00 0.000000000000000000e+00 1.000000000000000000e+00 0.000000000000000000e+00
